# Периферия РК | Диаметр: Dп = 776.4 мм | Линия: Корыто
# X, мм    Y, мм  (поворот -90°)
-51.3971 29.9287
-47.4693 25.9731
-42.9466 22.9155
-38.3430 19.9799
-33.6893 17.1200
-29.0045 14.3069
-24.3134 11.5034
-19.6292 8.6896
-14.9322 5.8951
-10.2757 3.0393
-5.6569 0.1267
-1.0361 -2.7829
3.5781 -5.7025
8.1757 -8.6470
12.7555 -11.6185
17.3183 -14.6156
21.8661 -17.6354
26.4018 -20.6735
30.9254 -23.7298
35.4312 -26.8130
39.9136 -29.9315
44.3769 -33.0788
48.8303 -36.2411
53.2985 -39.3810
57.8267 -42.4305
