# Периферия РК | Диаметр: Dп = 819.8 мм | Линия: Спинка
# X, мм    Y, мм
-25.4013 -49.4484
-25.6048 -48.6133
-25.6431 -47.8749
-25.5837 -47.1937
-25.4839 -46.5362
-25.3611 -45.8921
-25.2225 -45.2572
-25.0714 -44.6296
-24.9105 -44.0078
-24.7421 -43.3904
-24.5688 -42.7758
-24.3925 -42.1630
-24.2135 -41.5518
-24.0314 -40.9424
-23.8460 -40.3349
-23.6570 -39.7295
-23.4642 -39.1263
-23.2679 -38.5252
-23.0683 -37.9260
-22.8656 -37.3287
-22.6600 -36.7330
-22.4517 -36.1389
-22.2407 -35.5464
-22.0272 -34.9553
-21.8111 -34.3658
-21.5925 -33.7777
-21.3714 -33.1911
-21.1478 -32.6060
-20.9218 -32.0223
-20.6934 -31.4399
-20.4627 -30.8590
-20.2296 -30.2794
-19.9943 -29.7011
-19.7567 -29.1241
-19.5171 -28.5484
-19.2754 -27.9738
-19.0317 -27.4004
-18.7861 -26.8282
-18.5386 -26.2570
-18.2893 -25.6869
-18.0383 -25.1178
-17.7857 -24.5496
-17.5314 -23.9824
-17.2757 -23.4161
-17.0184 -22.8507
-16.7597 -22.2861
-16.4997 -21.7222
-16.2384 -21.1591
-15.9759 -20.5968
-15.7123 -20.0351
-15.4475 -19.4740
-15.1817 -18.9136
-14.9146 -18.3539
-14.6463 -17.7949
-14.3765 -17.2368
-14.1053 -16.6795
-13.8324 -16.1232
-13.5578 -15.5679
-13.2813 -15.0137
-13.0029 -14.4607
-12.7224 -13.9088
-12.4398 -13.3582
-12.1555 -12.8086
-11.8696 -12.2599
-11.5824 -11.7120
-11.2942 -11.1646
-11.0052 -10.6177
-10.7157 -10.0712
-10.4259 -9.5247
-10.1362 -8.9783
-9.8467 -8.4317
-9.5576 -7.8849
-9.2686 -7.3381
-8.9795 -6.7912
-8.6902 -6.2445
-8.4004 -5.6981
-8.1099 -5.1521
-7.8186 -4.6066
-7.5261 -4.0618
-7.2324 -3.5177
-6.9371 -2.9745
-6.6402 -2.4322
-6.3417 -1.8909
-6.0416 -1.3505
-5.7400 -0.8110
-5.4369 -0.2724
-5.1324 0.2654
-4.8263 0.8023
-4.5189 1.3384
-4.2101 1.8737
-3.9000 2.4082
-3.5885 2.9419
-3.2757 3.4749
-2.9617 4.0071
-2.6464 4.5386
-2.3300 5.0694
-2.0124 5.5996
-1.6937 6.1290
-1.3738 6.6579
-1.0529 7.1861
-0.7310 7.7137
-0.4080 8.2407
-0.0840 8.7670
0.2411 9.2928
0.5671 9.8180
0.8942 10.3426
1.2224 10.8666
1.5516 11.3899
1.8818 11.9127
2.2130 12.4348
2.5454 12.9564
2.8787 13.4773
3.2131 13.9976
3.5486 14.5173
3.8851 15.0364
4.2226 15.5548
4.5613 16.0727
4.9009 16.5899
5.2417 17.1065
5.5835 17.6224
5.9264 18.1378
6.2703 18.6525
6.6153 19.1666
6.9615 19.6801
7.3087 20.1929
7.6570 20.7051
8.0064 21.2166
8.3569 21.7275
8.7086 22.2377
9.0614 22.7472
9.4153 23.2561
9.7704 23.7643
10.1266 24.2718
10.4840 24.7787
10.8426 25.2848
11.2023 25.7903
11.5633 26.2951
11.9254 26.7992
12.2887 27.3026
12.6533 27.8053
13.0190 28.3072
13.3860 28.8085
13.7541 29.3090
14.1235 29.8089
14.4939 30.3081
14.8656 30.8067
15.2383 31.3045
15.6121 31.8018
15.9871 32.2984
16.3631 32.7943
16.7401 33.2897
17.1182 33.7844
17.4974 34.2786
17.8775 34.7721
18.2586 35.2651
18.6407 35.7575
19.0237 36.2494
19.4077 36.7407
19.7925 37.2314
20.1783 37.7217
20.5650 38.2114
20.9526 38.7006
21.3411 39.1893
21.7305 39.6774
22.1209 40.1649
22.5123 40.6519
22.9048 41.1382
23.2982 41.6240
23.6927 42.1091
24.0883 42.5936
24.4850 43.0775
24.8829 43.5607
25.2819 44.0432
25.6820 44.5250
26.0834 45.0062
26.4860 45.4866
26.8898 45.9663
27.2949 46.4452
27.7012 46.9234
28.1089 47.4008
28.5180 47.8775
28.9284 48.3533
29.3405 48.8282
29.7542 49.3021
30.1697 49.7749
30.5872 50.2466
31.0067 50.7171
31.4284 51.1864
31.8524 51.6543
32.2787 52.1208
32.7076 52.5858
33.1392 53.0492
33.5735 53.5111
34.0107 53.9712
34.4510 54.4296
34.8943 54.8862
35.3409 55.3408
35.7909 55.7935
36.2444 56.2442
36.7014 56.6927
