# Периферия РК | Диаметр: Dп = 771.6 мм | Линия: Средняя линия
# X, мм    Y, мм
-24.2017 -60.7002
-23.9671 -60.0089
-23.7319 -59.3180
-23.4961 -58.6272
-23.2597 -57.9368
-23.0227 -57.2466
-22.7851 -56.5568
-22.5468 -55.8671
-22.3079 -55.1778
-22.0685 -54.4887
-21.8284 -53.7999
-21.5876 -53.1114
-21.3463 -52.4231
-21.1044 -51.7352
-20.8618 -51.0474
-20.6186 -50.3600
-20.3749 -49.6728
-20.1305 -48.9860
-19.8854 -48.2993
-19.6398 -47.6130
-19.3936 -46.9269
-19.1467 -46.2411
-18.8992 -45.5556
-18.6512 -44.8703
-18.4025 -44.1854
-18.1532 -43.5006
-17.9032 -42.8162
-17.6527 -42.1320
-17.4015 -41.4482
-17.1498 -40.7645
-16.8974 -40.0812
-16.6444 -39.3981
-16.3908 -38.7153
-16.1366 -38.0328
-15.8818 -37.3505
-15.6264 -36.6685
-15.3703 -35.9868
-15.1137 -35.3053
-14.8564 -34.6242
-14.5985 -33.9433
-14.3400 -33.2626
-14.0809 -32.5823
-13.8212 -31.9022
-13.5609 -31.2224
-13.2999 -30.5428
-13.0384 -29.8635
-12.7762 -29.1845
-12.5135 -28.5058
-12.2501 -27.8273
-11.9861 -27.1492
-11.7215 -26.4712
-11.4563 -25.7936
-11.1905 -25.1162
-10.9240 -24.4391
-10.6570 -23.7623
-10.3893 -23.0857
-10.1211 -22.4094
-9.8522 -21.7334
-9.5827 -21.0576
-9.3126 -20.3822
-9.0419 -19.7070
-8.7706 -19.0320
-8.4987 -18.3574
-8.2262 -17.6830
-7.9530 -17.0088
-7.6793 -16.3350
-7.4049 -15.6614
-7.1299 -14.9881
-6.8543 -14.3150
-6.5782 -13.6423
-6.3014 -12.9698
-6.0239 -12.2975
-5.7459 -11.6256
-5.4673 -10.9539
-5.1881 -10.2825
-4.9082 -9.6113
-4.6278 -8.9404
-4.3467 -8.2698
-4.0650 -7.5995
-3.7827 -6.9294
-3.4999 -6.2596
-3.2164 -5.5901
-2.9323 -4.9208
-2.6475 -4.2519
-2.3622 -3.5831
-2.0763 -2.9147
-1.7897 -2.2465
-1.5026 -1.5786
-1.2148 -0.9110
-0.9264 -0.2436
-0.6375 0.4235
-0.3479 1.0903
-0.0577 1.7568
0.2331 2.4231
0.5245 3.0891
0.8166 3.7549
1.1092 4.4203
1.4024 5.0855
1.6963 5.7505
1.9907 6.4151
2.2858 7.0795
2.5815 7.7436
2.8778 8.4075
3.1746 9.0711
3.4721 9.7344
3.7703 10.3974
4.0690 11.0602
4.3683 11.7227
4.6682 12.3849
4.9688 13.0469
5.2699 13.7085
5.5717 14.3700
5.8741 15.0311
6.1770 15.6920
6.4806 16.3526
6.7848 17.0129
7.0896 17.6730
7.3950 18.3328
7.7011 18.9923
8.0077 19.6515
8.3149 20.3105
8.6228 20.9692
8.9312 21.6277
9.2403 22.2859
9.5500 22.9438
9.8603 23.6014
10.1712 24.2587
10.4827 24.9158
10.7948 25.5727
11.1075 26.2292
11.4208 26.8855
11.7348 27.5415
12.0493 28.1972
12.3645 28.8527
12.6802 29.5079
12.9966 30.1628
13.3136 30.8175
13.6312 31.4718
13.9494 32.1259
14.2682 32.7798
14.5877 33.4334
14.9077 34.0867
15.2283 34.7397
15.5496 35.3924
15.8715 36.0449
16.1939 36.6971
16.5170 37.3491
16.8407 38.0008
17.1650 38.6522
17.4900 39.3033
17.8155 39.9542
18.1416 40.6047
18.4684 41.2551
18.7957 41.9051
19.1237 42.5549
19.4523 43.2044
19.7815 43.8536
20.1113 44.5026
20.4417 45.1513
20.7727 45.7997
21.1044 46.4478
21.4366 47.0957
21.7695 47.7433
22.1030 48.3906
22.4370 49.0377
22.7717 49.6845
23.1071 50.3310
23.4430 50.9772
23.7795 51.6232
24.1167 52.2689
24.4544 52.9143
24.7928 53.5595
25.1318 54.2044
25.4714 54.8490
25.8116 55.4933
26.1524 56.1374
26.4938 56.7812
26.8359 57.4247
27.1785 58.0680
27.5218 58.7110
27.8657 59.3537
28.2102 59.9961
28.5553 60.6383
28.9010 61.2802
29.2474 61.9218
29.5943 62.5631
29.9419 63.2042
30.2901 63.8450
30.6389 64.4855
30.9883 65.1258
31.3383 65.7657
31.6890 66.4054
32.0402 67.0449
32.3921 67.6840
32.7446 68.3229
33.0977 68.9615
33.4514 69.5999
33.8058 70.2379
34.1607 70.8757
34.5163 71.5132
