# Втулка НА | Диаметр: Dвт = 428.9 мм | Линия: Корыто
# X, мм    Y, мм
-46.0821 -25.6554
-45.4345 -25.7172
-44.8508 -25.6137
-44.3047 -25.4137
-43.7734 -25.1752
-43.2500 -24.9162
-42.7318 -24.6439
-42.2175 -24.3616
-41.7060 -24.0719
-41.1964 -23.7775
-40.6877 -23.4807
-40.1791 -23.1837
-39.6706 -22.8865
-39.1622 -22.5888
-38.6541 -22.2905
-38.1464 -21.9913
-37.6390 -21.6909
-37.1321 -21.3895
-36.6255 -21.0875
-36.1190 -20.7849
-35.6126 -20.4821
-35.1063 -20.1791
-34.6000 -19.8761
-34.0937 -19.5732
-33.5874 -19.2702
-33.0811 -18.9673
-32.5747 -18.6645
-32.0683 -18.3618
-31.5618 -18.0592
-31.0553 -17.7568
-30.5487 -17.4546
-30.0420 -17.1527
-29.5352 -16.8510
-29.0282 -16.5497
-28.5211 -16.2488
-28.0138 -15.9484
-27.5063 -15.6486
-26.9986 -15.3493
-26.4905 -15.0508
-25.9822 -14.7530
-25.4736 -14.4559
-24.9647 -14.1598
-24.4554 -13.8646
-23.9457 -13.5703
-23.4356 -13.2772
-22.9250 -12.9851
-22.4141 -12.6942
-21.9026 -12.4045
-21.3907 -12.1161
-20.8782 -11.8291
-20.3652 -11.5434
-19.8516 -11.2592
-19.3375 -10.9763
-18.8230 -10.6946
-18.3080 -10.4140
-17.7927 -10.1343
-17.2770 -9.8555
-16.7610 -9.5774
-16.2448 -9.3000
-15.7284 -9.0230
-15.2119 -8.7465
-14.6952 -8.4703
-14.1782 -8.1948
-13.6609 -7.9203
-13.1432 -7.6469
-12.6249 -7.3749
-12.1059 -7.1046
-11.5861 -6.8363
-11.0655 -6.5702
-10.5440 -6.3066
-10.0213 -6.0458
-9.4976 -5.7877
-8.9729 -5.5323
-8.4472 -5.2793
-7.9207 -5.0285
-7.3934 -4.7797
-6.8654 -4.5327
-6.3369 -4.2872
-5.8078 -4.0430
-5.2782 -3.8000
-4.7483 -3.5579
-4.2181 -3.3167
-3.6876 -3.0762
-3.1567 -2.8366
-2.6255 -2.5979
-2.0939 -2.3602
-1.5620 -2.1234
-1.0296 -1.8876
-0.4969 -1.6528
0.0362 -1.4190
0.5698 -1.1863
1.1037 -0.9548
1.6382 -0.7243
2.1730 -0.4951
2.7084 -0.2670
3.2442 -0.0402
3.7805 0.1853
4.3173 0.4096
4.8546 0.6325
5.3925 0.8541
5.9309 1.0743
6.4698 1.2931
7.0093 1.5104
7.5493 1.7264
8.0898 1.9410
8.6309 2.1542
9.1726 2.3660
9.7148 2.5763
10.2575 2.7854
10.8007 2.9930
11.3445 3.1992
11.8889 3.4040
12.4337 3.6075
12.9791 3.8096
13.5251 4.0102
14.0716 4.2096
14.6186 4.4075
15.1661 4.6040
15.7142 4.7992
16.2628 4.9930
16.8119 5.1855
17.3616 5.3765
17.9118 5.5662
18.4625 5.7545
19.0138 5.9415
19.5656 6.1272
20.1179 6.3115
20.6707 6.4944
21.2240 6.6761
21.7778 6.8564
22.3322 7.0354
22.8870 7.2131
23.4424 7.3895
23.9982 7.5646
24.5546 7.7385
25.1114 7.9110
25.6688 8.0823
26.2266 8.2522
26.7849 8.4209
27.3438 8.5884
27.9031 8.7546
28.4629 8.9195
29.0232 9.0832
29.5840 9.2455
30.1453 9.4065
30.7071 9.5661
31.2695 9.7244
31.8324 9.8813
32.3959 10.0368
32.9599 10.1909
33.5244 10.3435
34.0896 10.4946
34.6553 10.6443
35.2216 10.7925
35.7885 10.9391
36.3560 11.0841
36.9241 11.2276
37.4928 11.3695
38.0622 11.5098
38.6321 11.6485
39.2027 11.7855
39.7740 11.9209
40.3459 12.0546
40.9184 12.1868
41.4915 12.3173
42.0652 12.4463
42.6396 12.5738
43.2145 12.6997
43.7900 12.8241
44.3661 12.9470
44.9427 13.0685
45.5199 13.1885
46.0977 13.3070
46.6760 13.4242
47.2548 13.5399
47.8342 13.6543
48.4142 13.7673
48.9946 13.8790
49.5755 13.9893
50.1570 14.0984
50.7389 14.2061
51.3213 14.3127
51.9042 14.4182
52.4874 14.5228
53.0709 14.6266
53.6546 14.7296
54.2387 14.8320
54.8229 14.9340
55.4072 15.0356
55.9916 15.1369
56.5761 15.2381
57.1606 15.3393
57.7451 15.4406
58.3295 15.5421
58.9137 15.6440
59.4978 15.7463
60.0816 15.8491
60.6652 15.9527
61.2485 16.0570
61.8314 16.1622
