# Втулка НА | Диаметр: Dвт = 428.9 мм | Линия: Спинка
# X, мм    Y, мм
-46.0821 -25.6554
-45.7862 -24.8095
-45.4247 -24.1330
-45.0241 -23.5570
-44.6071 -23.0236
-44.1806 -22.5147
-43.7474 -22.0232
-43.3087 -21.5456
-42.8657 -21.0794
-42.4192 -20.6221
-41.9703 -20.1710
-41.5197 -19.7241
-41.0676 -19.2814
-40.6138 -18.8430
-40.1582 -18.4092
-39.7006 -17.9803
-39.2412 -17.5565
-38.7798 -17.1375
-38.3167 -16.7231
-37.8519 -16.3131
-37.3855 -15.9072
-36.9175 -15.5053
-36.4480 -15.1072
-35.9771 -14.7130
-35.5047 -14.3226
-35.0308 -13.9360
-34.5554 -13.5530
-34.0787 -13.1738
-33.6005 -12.7982
-33.1210 -12.4263
-32.6400 -12.0579
-32.1577 -11.6930
-31.6740 -11.3316
-31.1891 -10.9736
-30.7028 -10.6188
-30.2153 -10.2674
-29.7266 -9.9191
-29.2366 -9.5739
-28.7455 -9.2317
-28.2532 -8.8925
-27.7599 -8.5562
-27.2654 -8.2227
-26.7698 -7.8919
-26.2733 -7.5638
-25.7757 -7.2384
-25.2771 -6.9155
-24.7775 -6.5950
-24.2771 -6.2770
-23.7757 -5.9614
-23.2734 -5.6480
-22.7703 -5.3368
-22.2663 -5.0279
-21.7614 -4.7212
-21.2556 -4.4170
-20.7488 -4.1153
-20.2410 -3.8162
-19.7321 -3.5199
-19.2221 -3.2264
-18.7110 -2.9359
-18.1987 -2.6484
-17.6851 -2.3642
-17.1703 -2.0831
-16.6544 -1.8049
-16.1375 -1.5293
-15.6196 -1.2562
-15.1010 -0.9851
-14.5816 -0.7159
-14.0616 -0.4483
-13.5410 -0.1820
-13.0201 0.0832
-12.4989 0.3477
-11.9774 0.6114
-11.4555 0.8742
-10.9332 1.1359
-10.4104 1.3963
-9.8870 1.6552
-9.3629 1.9123
-8.8381 2.1674
-8.3124 2.4204
-7.7858 2.6710
-7.2582 2.9190
-6.7296 3.1644
-6.1999 3.4070
-5.6692 3.6470
-5.1375 3.8845
-4.6048 4.1193
-4.0711 4.3516
-3.5364 4.5814
-3.0008 4.8087
-2.4642 5.0336
-1.9267 5.2561
-1.3883 5.4762
-0.8490 5.6939
-0.3087 5.9093
0.2324 6.1224
0.7744 6.3333
1.3172 6.5420
1.8609 6.7485
2.4055 6.9528
2.9508 7.1550
3.4970 7.3551
4.0440 7.5531
4.5917 7.7490
5.1403 7.9429
5.6897 8.1346
6.2399 8.3243
6.7910 8.5119
7.3428 8.6974
7.8954 8.8808
8.4489 9.0620
9.0032 9.2412
9.5583 9.4183
10.1142 9.5933
10.6709 9.7662
11.2284 9.9369
11.7868 10.1056
12.3460 10.2721
12.9060 10.4365
13.4668 10.5988
14.0285 10.7589
14.5909 10.9169
15.1542 11.0728
15.7184 11.2266
16.2833 11.3781
16.8491 11.5275
17.4158 11.6748
17.9833 11.8199
18.5516 11.9627
19.1208 12.1034
19.6909 12.2419
20.2618 12.3781
20.8336 12.5121
21.4062 12.6439
21.9797 12.7734
22.5541 12.9007
23.1294 13.0257
23.7055 13.1485
24.2826 13.2689
24.8605 13.3871
25.4393 13.5029
26.0190 13.6165
26.5996 13.7277
27.1811 13.8367
27.7635 13.9433
28.3468 14.0477
28.9309 14.1499
29.5159 14.2498
30.1017 14.3475
30.6884 14.4430
31.2760 14.5364
31.8643 14.6275
32.4536 14.7165
33.0436 14.8034
33.6345 14.8881
34.2262 14.9707
34.8187 15.0512
35.4120 15.1296
36.0062 15.2059
36.6011 15.2802
37.1968 15.3525
37.7933 15.4227
38.3906 15.4908
38.9887 15.5569
39.5876 15.6209
40.1874 15.6828
40.7879 15.7425
41.3894 15.8000
41.9916 15.8553
42.5948 15.9083
43.1988 15.9591
43.8037 16.0076
44.4095 16.0538
45.0163 16.0977
45.6239 16.1392
46.2325 16.1782
46.8420 16.2149
47.4524 16.2491
48.0639 16.2808
48.6763 16.3099
49.2897 16.3366
49.9040 16.3607
50.5195 16.3821
51.1360 16.4006
51.7536 16.4163
52.3725 16.4288
52.9925 16.4382
53.6139 16.4442
54.2366 16.4468
54.8607 16.4459
55.4862 16.4412
56.1132 16.4326
56.7418 16.4202
57.3719 16.4036
58.0037 16.3828
58.6371 16.3576
59.2723 16.3280
59.9093 16.2938
60.5481 16.2549
61.1888 16.2110
61.8314 16.1622
