# Втулка НА | Диаметр: Dвт = 428.9 мм | Линия: Средняя линия
# X, мм    Y, мм
-57.5281 -32.2730
-56.9407 -31.7768
-56.3522 -31.2831
-55.7627 -30.7921
-55.1722 -30.3038
-54.5807 -29.8180
-53.9882 -29.3349
-53.3946 -28.8543
-52.8001 -28.3763
-52.2046 -27.9009
-51.6081 -27.4281
-51.0106 -26.9578
-50.4121 -26.4901
-49.8126 -26.0249
-49.2121 -25.5623
-48.6107 -25.1021
-48.0083 -24.6445
-47.4049 -24.1895
-46.8005 -23.7369
-46.1952 -23.2868
-45.5889 -22.8392
-44.9817 -22.3941
-44.3735 -21.9515
-43.7643 -21.5113
-43.1542 -21.0736
-42.5431 -20.6384
-41.9311 -20.2056
-41.3181 -19.7753
-40.7042 -19.3474
-40.0894 -18.9219
-39.4736 -18.4989
-38.8569 -18.0783
-38.2392 -17.6601
-37.6206 -17.2443
-37.0011 -16.8309
-36.3806 -16.4199
-35.7593 -16.0113
-35.1370 -15.6051
-34.5137 -15.2013
-33.8896 -14.7999
-33.2645 -14.4008
-32.6386 -14.0041
-32.0117 -13.6098
-31.3838 -13.2178
-30.7551 -12.8282
-30.1255 -12.4409
-29.4950 -12.0560
-28.8635 -11.6734
-28.2312 -11.2931
-27.5979 -10.9152
-26.9638 -10.5396
-26.3287 -10.1664
-25.6928 -9.7954
-25.0559 -9.4268
-24.4182 -9.0605
-23.7795 -8.6965
-23.1400 -8.3348
-22.4996 -7.9754
-21.8583 -7.6183
-21.2161 -7.2636
-20.5730 -6.9111
-19.9290 -6.5609
-19.2842 -6.2129
-18.6384 -5.8673
-17.9918 -5.5240
-17.3443 -5.1829
-16.6959 -4.8441
-16.0466 -4.5076
-15.3964 -4.1734
-14.7454 -3.8414
-14.0935 -3.5117
-13.4407 -3.1843
-12.7871 -2.8591
-12.1325 -2.5362
-11.4771 -2.2155
-10.8208 -1.8971
-10.1637 -1.5810
-9.5056 -1.2671
-8.8467 -0.9555
-8.1870 -0.6461
-7.5263 -0.3389
-6.8648 -0.0340
-6.2024 0.2686
-5.5392 0.5690
-4.8751 0.8672
-4.2101 1.1631
-3.5442 1.4567
-2.8775 1.7482
-2.2099 2.0374
-1.5415 2.3243
-0.8722 2.6090
-0.2020 2.8915
0.4691 3.1718
1.1410 3.4498
1.8138 3.7256
2.4874 3.9991
3.1619 4.2704
3.8373 4.5395
4.5135 4.8063
5.1906 5.0709
5.8686 5.3333
6.5474 5.5934
7.2271 5.8513
7.9077 6.1070
8.5891 6.3605
9.2714 6.6117
9.9545 6.8606
10.6385 7.1074
11.3234 7.3519
12.0092 7.5941
12.6958 7.8342
13.3833 8.0720
14.0716 8.3075
14.7608 8.5408
15.4509 8.7719
16.1418 9.0007
16.8337 9.2273
17.5263 9.4517
18.2199 9.6738
18.9143 9.8936
19.6096 10.1112
20.3058 10.3266
21.0028 10.5397
21.7007 10.7506
22.3995 10.9592
23.0991 11.1655
23.7996 11.3696
24.5010 11.5714
25.2033 11.7710
25.9064 11.9683
26.6105 12.1634
27.3154 12.3561
28.0211 12.5467
28.7278 12.7349
29.4353 12.9208
30.1438 13.1045
30.8531 13.2859
31.5632 13.4650
32.2743 13.6419
32.9863 13.8164
33.6991 13.9887
34.4128 14.1586
35.1274 14.3263
35.8430 14.4917
36.5594 14.6547
37.2767 14.8155
37.9948 14.9739
38.7139 15.1300
39.4339 15.2838
40.1548 15.4353
40.8766 15.5845
41.5992 15.7313
42.3228 15.8758
43.0473 16.0180
43.7727 16.1578
44.4990 16.2953
45.2262 16.4304
45.9543 16.5632
46.6834 16.6936
47.4133 16.8216
48.1442 16.9473
48.8760 17.0706
49.6087 17.1915
50.3423 17.3101
51.0769 17.4262
51.8123 17.5400
52.5487 17.6513
53.2861 17.7603
54.0244 17.8668
54.7636 17.9710
55.5037 18.0727
56.2448 18.1720
56.9868 18.2688
57.7298 18.3632
58.4737 18.4552
59.2185 18.5447
59.9644 18.6318
60.7111 18.7164
61.4589 18.7985
62.2075 18.8781
62.9572 18.9553
63.7078 19.0300
64.4594 19.1021
65.2119 19.1718
65.9654 19.2389
66.7199 19.3036
67.4754 19.3657
68.2318 19.4252
68.9893 19.4823
69.7477 19.5367
70.5071 19.5886
71.2675 19.6380
72.0289 19.6848
72.7913 19.7289
73.5547 19.7705
74.3191 19.8095
75.0846 19.8459
75.8510 19.8796
76.6185 19.9108
77.3870 19.9393
