# Линия Dвт/2 меридионального сечения
# X, мм    Dвт/2, мм
0.0000 245.9486
63.2207 262.9704
75.8649 266.3747
125.2864 279.6812
135.1707 282.3425
183.8020 295.7408
193.5283 298.4205
231.3171 308.8316
238.8748 310.9138
276.5856 320.6522
284.1278 322.5999
313.2595 330.1228
319.0858 331.6274
349.3549 338.4967
355.4087 339.8706
378.6575 345.1466
383.3072 346.2019
408.4044 351.2527
413.4239 352.2628
432.5849 356.1189
436.4171 356.8902
457.7625 360.7245
462.0316 361.4914
478.2256 364.4004
481.4644 364.9822
500.0006 367.9687
503.7078 368.5660
517.6771 370.8167
520.4709 371.2668
536.8523 373.6426
540.1286 374.1177
552.3871 375.8955
554.8388 376.2511
569.5895 376.2511
572.5396 376.2511
583.4965 376.2511
585.6879 376.2511
599.2545 376.2511
601.9679 376.2511
611.9587 376.2511
613.9569 376.2511
626.4030 376.2511
628.8922 376.2511
638.4065 376.2511
640.3093 376.2511
651.7778 376.2511
654.0715 376.2511
663.3986 376.2511
665.2641 376.2511
