# Линия Dк/2 меридионального сечения (периферия)
# X, мм    Dк/2, мм
0.0000 388.2011
71.4595 388.2011
85.7514 388.2011
155.7426 388.2011
169.7408 388.2011
224.8567 388.2011
235.8799 388.2011
289.6606 388.2011
300.4167 388.2011
343.0302 388.2011
351.5529 388.2011
392.9923 388.2011
401.2802 388.2011
435.1848 388.2011
441.9657 388.2011
474.8336 388.2011
481.4072 388.2011
509.1422 388.2011
514.6892 388.2011
541.4908 388.2011
546.8511 388.2011
570.0387 388.2011
574.6763 388.2011
597.0101 388.2011
601.4769 388.2011
621.2099 388.2011
625.1565 388.2011
644.0982 388.2011
647.8866 388.2011
664.9308 388.2011
668.3396 388.2011
684.6425 388.2011
687.9030 388.2011
702.8124 388.2011
705.7943 388.2011
720.0026 388.2011
722.8443 388.2011
736.0304 388.2011
738.6676 388.2011
751.1852 388.2011
753.6887 388.2011
765.4977 386.9886
767.8594 386.7461
779.0256 385.5996
781.2588 385.3703
791.8391 384.4372
793.9552 384.2506
804.3822 383.3310
806.4676 383.1470
815.9747 382.8610
817.8761 382.8038
827.8903 382.5025
829.8931 382.4423
