# Линия Dср/2 меридионального сечения (средняя линия)
# X, мм    Dср/2, мм
0.0000 313.2785
71.4595 318.4640
85.7514 319.5323
155.7426 324.9087
169.7408 326.0122
224.8567 330.7535
235.8799 331.7207
289.6606 336.5266
300.4167 337.5049
343.0302 341.3139
351.5529 342.0853
392.9923 345.8808
401.2802 346.6487
435.1848 349.5191
441.9657 350.0978
474.8336 352.9245
481.4072 353.4941
509.1422 355.7028
514.6892 356.1470
541.4908 358.3046
546.8511 358.7384
570.0387 360.4709
574.6763 360.8188
597.0101 362.5006
601.4769 362.8383
621.2099 364.2206
625.1565 364.4979
644.0982 365.8327
647.8866 366.1004
664.9308 367.2202
668.3396 367.4446
684.6425 368.5205
687.9030 368.7362
702.8124 369.6553
705.7943 369.8394
720.0026 370.7185
722.8443 370.8946
736.0304 371.6578
738.6676 371.8107
751.1852 372.5374
753.6887 372.6829
765.4977 372.0518
767.8594 371.9257
779.0256 371.3301
781.2588 371.2110
791.8391 370.7269
793.9552 370.6302
804.3822 370.1537
806.4676 370.0585
815.9747 369.9105
817.8761 369.8809
827.8903 369.7250
829.8931 369.6938
