# Осевая линия меридионального сечения (Y=0)
# X, мм    Y, мм
0.0000 0.0000
93.2459 0.0000
111.8951 0.0000
202.9341 0.0000
221.1419 0.0000
294.7746 0.0000
309.5011 0.0000
381.0978 0.0000
395.4171 0.0000
453.0119 0.0000
464.5308 0.0000
520.4794 0.0000
531.6691 0.0000
577.3197 0.0000
586.4499 0.0000
630.8290 0.0000
639.7049 0.0000
676.9387 0.0000
684.3855 0.0000
720.6176 0.0000
727.8640 0.0000
758.8985 0.0000
765.1054 0.0000
795.3419 0.0000
801.3893 0.0000
827.7679 0.0000
833.0436 0.0000
858.7523 0.0000
863.8941 0.0000
886.6633 0.0000
891.2172 0.0000
913.4225 0.0000
917.8636 0.0000
937.7788 0.0000
941.7618 0.0000
961.2013 0.0000
965.0892 0.0000
982.7099 0.0000
986.2340 0.0000
1003.4526 0.0000
1006.8963 0.0000
1022.5996 0.0000
1025.7403 0.0000
1041.1786 0.0000
1044.2663 0.0000
1058.1824 0.0000
1060.9656 0.0000
1075.2833 0.0000
1078.1468 0.0000
1090.4652 0.0000
1092.9288 0.0000
1106.6896 0.0000
1109.4417 0.0000
