# Втулка РК | Диаметр: Dвт = 466.0 мм | Линия: Корыто
# X, мм    Y, мм
-35.7921 -17.1959
-35.1776 -17.6318
-34.6508 -17.8128
-34.1757 -17.8441
-33.7214 -17.8147
-33.2786 -17.7520
-32.8435 -17.6670
-32.4142 -17.5650
-31.9894 -17.4499
-31.5678 -17.3257
-31.1481 -17.1960
-30.7291 -17.0642
-30.3108 -16.9303
-29.8933 -16.7941
-29.4768 -16.6549
-29.0615 -16.5126
-28.6473 -16.3667
-28.2342 -16.2176
-27.8222 -16.0657
-27.4110 -15.9112
-27.0005 -15.7546
-26.5907 -15.5961
-26.1815 -15.4358
-25.7729 -15.2738
-25.3649 -15.1101
-24.9574 -14.9447
-24.5505 -14.7778
-24.1441 -14.6093
-23.7383 -14.4393
-23.3329 -14.2679
-22.9280 -14.0952
-22.5236 -13.9210
-22.1195 -13.7457
-21.7159 -13.5692
-21.3126 -13.3917
-20.9097 -13.2133
-20.5070 -13.0341
-20.1046 -12.8541
-19.7024 -12.6735
-19.3004 -12.4924
-18.8985 -12.3108
-18.4967 -12.1290
-18.0950 -11.9469
-17.6934 -11.7647
-17.2917 -11.5825
-16.8901 -11.4003
-16.4883 -11.2183
-16.0865 -11.0366
-15.6846 -10.8552
-15.2825 -10.6742
-14.8802 -10.4938
-14.4778 -10.3140
-14.0752 -10.1345
-13.6725 -9.9553
-13.2698 -9.7761
-12.8671 -9.5968
-12.4646 -9.4173
-12.0622 -9.2372
-11.6600 -9.0565
-11.2581 -8.8750
-10.8566 -8.6925
-10.4554 -8.5091
-10.0543 -8.3251
-9.6534 -8.1408
-9.2523 -7.9569
-8.8511 -7.7735
-8.4495 -7.5912
-8.0474 -7.4103
-7.6446 -7.2312
-7.2411 -7.0543
-6.8367 -6.8801
-6.4314 -6.7087
-6.0252 -6.5397
-5.6183 -6.3728
-5.2107 -6.2078
-4.8026 -6.0442
-4.3942 -5.8818
-3.9854 -5.7202
-3.5765 -5.5591
-3.1675 -5.3982
-2.7586 -5.2372
-2.3497 -5.0758
-1.9410 -4.9142
-1.5323 -4.7524
-1.1237 -4.5904
-0.7152 -4.4282
-0.3066 -4.2660
0.1019 -4.1037
0.5104 -3.9415
0.9190 -3.7793
1.3276 -3.6172
1.7362 -3.4553
2.1449 -3.2936
2.5537 -3.1322
2.9626 -2.9710
3.3716 -2.8102
3.7808 -2.6498
4.1901 -2.4898
4.5996 -2.3303
5.0092 -2.1714
5.4191 -2.0131
5.8292 -1.8553
6.2395 -1.6982
6.6500 -1.5417
7.0607 -1.3858
7.4716 -1.2305
7.8827 -1.0757
8.2940 -0.9216
8.7055 -0.7681
9.1173 -0.6151
9.5292 -0.4628
9.9413 -0.3110
10.3536 -0.1598
10.7662 -0.0091
11.1789 0.1409
11.5918 0.2904
12.0049 0.4394
12.4182 0.5877
12.8317 0.7355
13.2454 0.8828
13.6593 1.0295
14.0733 1.1756
14.4876 1.3212
14.9020 1.4663
15.3166 1.6109
15.7314 1.7549
16.1464 1.8985
16.5615 2.0416
16.9768 2.1842
17.3922 2.3264
17.8078 2.4681
18.2235 2.6094
18.6394 2.7503
19.0555 2.8907
19.4716 3.0308
19.8879 3.1704
20.3044 3.3097
20.7209 3.4486
21.1376 3.5871
21.5544 3.7253
21.9714 3.8631
22.3884 4.0006
22.8056 4.1377
23.2229 4.2744
23.6404 4.4107
24.0580 4.5465
24.4758 4.6818
24.8938 4.8165
25.3120 4.9507
25.7304 5.0844
26.1490 5.2174
26.5678 5.3498
26.9868 5.4816
27.4060 5.6126
27.8256 5.7430
28.2453 5.8726
28.6654 6.0014
29.0857 6.1294
29.5063 6.2566
29.9272 6.3829
30.3484 6.5083
30.7699 6.6329
31.1916 6.7567
31.6137 6.8796
32.0360 7.0018
32.4586 7.1232
32.8814 7.2440
33.3044 7.3641
33.7277 7.4836
34.1512 7.6024
34.5748 7.7207
34.9987 7.8385
35.4227 7.9558
35.8468 8.0726
36.2712 8.1889
36.6956 8.3049
37.1202 8.4205
37.5449 8.5358
37.9697 8.6508
38.3946 8.7655
38.8196 8.8800
39.2446 8.9944
39.6695 9.1090
40.0943 9.2239
40.5190 9.3392
40.9434 9.4552
41.3676 9.5721
41.7914 9.6901
42.2147 9.8092
42.6376 9.9298
43.0599 10.0520
43.4816 10.1759
43.9027 10.3018
44.3230 10.4299
44.7425 10.5603
45.1611 10.6932
45.5788 10.8289
45.9955 10.9674
46.4111 11.1090
46.8256 11.2538
