# Втулка РК | Диаметр: Dвт = 491.9 мм | Линия: Спинка
# X, мм    Y, мм
-36.8057 -20.1828
-36.7094 -19.1575
-36.5082 -18.4000
-36.2450 -17.8010
-35.9561 -17.2678
-35.6525 -16.7720
-35.3387 -16.3021
-35.0169 -15.8526
-34.6888 -15.4195
-34.3558 -14.9987
-34.0196 -14.5862
-33.6814 -14.1788
-33.3413 -13.7761
-32.9991 -13.3787
-32.6548 -12.9870
-32.3080 -12.6014
-31.9588 -12.2220
-31.6072 -11.8487
-31.2534 -11.4811
-30.8976 -11.1188
-30.5398 -10.7614
-30.1802 -10.4086
-29.8188 -10.0604
-29.4556 -9.7166
-29.0908 -9.3772
-28.7242 -9.0422
-28.3560 -8.7114
-27.9861 -8.3850
-27.6146 -8.0626
-27.2414 -7.7444
-26.8667 -7.4303
-26.4903 -7.1202
-26.1125 -6.8140
-25.7332 -6.5115
-25.3524 -6.2127
-24.9703 -5.9175
-24.5868 -5.6258
-24.2020 -5.3374
-23.8159 -5.0522
-23.4286 -4.7701
-23.0401 -4.4911
-22.6505 -4.2150
-22.2598 -3.9417
-21.8680 -3.6710
-21.4752 -3.4030
-21.0815 -3.1375
-20.6868 -2.8743
-20.2912 -2.6135
-19.8947 -2.3548
-19.4974 -2.0982
-19.0994 -1.8436
-18.7006 -1.5910
-18.3009 -1.3405
-17.9004 -1.0923
-17.4988 -0.8466
-17.0963 -0.6035
-16.6926 -0.3632
-16.2878 -0.1260
-15.8817 0.1081
-15.4743 0.3387
-15.0655 0.5659
-14.6553 0.7895
-14.2439 1.0101
-13.8315 1.2279
-13.4181 1.4434
-13.0041 1.6571
-12.5895 1.8694
-12.1744 2.0806
-11.7592 2.2913
-11.3439 2.5018
-10.9286 2.7125
-10.5136 2.9236
-10.0985 3.1347
-9.6833 3.3456
-9.2679 3.5559
-8.8522 3.7652
-8.4359 3.9733
-8.0190 4.1797
-7.6013 4.3842
-7.1828 4.5864
-6.7632 4.7860
-6.3425 4.9828
-5.9207 5.1768
-5.4979 5.3681
-5.0740 5.5567
-4.6491 5.7428
-4.2233 5.9262
-3.7964 6.1072
-3.3685 6.2857
-2.9398 6.4619
-2.5101 6.6356
-2.0795 6.8071
-1.6480 6.9763
-1.2157 7.1433
-0.7825 7.3081
-0.3485 7.4709
0.0864 7.6316
0.5220 7.7903
0.9583 7.9470
1.3954 8.1018
1.8333 8.2548
2.2718 8.4059
2.7111 8.5553
3.1511 8.7027
3.5918 8.8484
4.0332 8.9922
4.4753 9.1341
4.9182 9.2742
5.3618 9.4125
5.8062 9.5488
6.2512 9.6834
6.6970 9.8160
7.1435 9.9468
7.5908 10.0757
8.0388 10.2028
8.4875 10.3279
8.9369 10.4512
9.3871 10.5726
9.8381 10.6921
10.2898 10.8097
10.7422 10.9254
11.1954 11.0392
11.6493 11.1511
12.1040 11.2610
12.5594 11.3690
13.0157 11.4750
13.4726 11.5790
13.9304 11.6811
14.3890 11.7812
14.8483 11.8792
15.3084 11.9752
15.7694 12.0692
16.2311 12.1611
16.6936 12.2510
17.1570 12.3388
17.6212 12.4244
18.0862 12.5080
18.5520 12.5895
19.0187 12.6688
19.4862 12.7460
19.9546 12.8210
20.4238 12.8939
20.8938 12.9646
21.3646 13.0333
21.8363 13.0999
22.3087 13.1644
22.7820 13.2269
23.2560 13.2875
23.7308 13.3460
24.2063 13.4027
24.6826 13.4574
25.1597 13.5103
25.6375 13.5612
26.1159 13.6104
26.5951 13.6577
27.0750 13.7033
27.5556 13.7471
28.0369 13.7891
28.5188 13.8295
29.0014 13.8682
29.4846 13.9052
29.9685 13.9405
30.4531 13.9741
30.9383 14.0060
31.4243 14.0360
31.9109 14.0642
32.3984 14.0906
32.8865 14.1150
33.3755 14.1375
33.8652 14.1580
34.3557 14.1764
34.8470 14.1928
35.3391 14.2070
35.8321 14.2191
36.3260 14.2290
36.8207 14.2367
37.3163 14.2421
37.8128 14.2453
38.3102 14.2460
38.8086 14.2444
39.3079 14.2403
39.8082 14.2336
40.3097 14.2241
40.8123 14.2116
41.3162 14.1959
41.8214 14.1768
42.3280 14.1541
42.8361 14.1276
43.3458 14.0971
43.8571 14.0624
44.3701 14.0233
44.8849 13.9796
45.4016 13.9311
45.9203 13.8777
46.4410 13.8191
46.9638 13.7550
47.4887 13.6855
48.0160 13.6101
48.5455 13.5287
49.0775 13.4412
