# Втулка РК | Диаметр: Dвт = 385.8 мм | Линия: Средняя линия
# X, мм    Y, мм
-44.8112 -21.1348
-44.3461 -20.7857
-43.8804 -20.4388
-43.4140 -20.0941
-42.9470 -19.7516
-42.4793 -19.4113
-42.0109 -19.0732
-41.5419 -18.7373
-41.0723 -18.4035
-40.6020 -18.0720
-40.1311 -17.7425
-39.6595 -17.4152
-39.1873 -17.0901
-38.7145 -16.7671
-38.2411 -16.4462
-37.7670 -16.1274
-37.2923 -15.8107
-36.8169 -15.4962
-36.3410 -15.1837
-35.8644 -14.8733
-35.3872 -14.5650
-34.9094 -14.2588
-34.4310 -13.9546
-33.9519 -13.6525
-33.4723 -13.3525
-32.9920 -13.0545
-32.5111 -12.7585
-32.0297 -12.4646
-31.5476 -12.1727
-31.0649 -11.8828
-30.5816 -11.5950
-30.0978 -11.3092
-29.6133 -11.0253
-29.1282 -10.7435
-28.6426 -10.4637
-28.1563 -10.1859
-27.6695 -9.9100
-27.1821 -9.6362
-26.6941 -9.3643
-26.2055 -9.0944
-25.7163 -8.8265
-25.2265 -8.5605
-24.7362 -8.2965
-24.2452 -8.0344
-23.7537 -7.7743
-23.2616 -7.5161
-22.7690 -7.2599
-22.2757 -7.0056
-21.7819 -6.7533
-21.2875 -6.5029
-20.7926 -6.2544
-20.2970 -6.0078
-19.8009 -5.7631
-19.3043 -5.5204
-18.8070 -5.2796
-18.3092 -5.0407
-17.8108 -4.8037
-17.3119 -4.5686
-16.8124 -4.3354
-16.3123 -4.1041
-15.8117 -3.8746
-15.3105 -3.6471
-14.8088 -3.4215
-14.3065 -3.1977
-13.8036 -2.9759
-13.3002 -2.7559
-12.7962 -2.5378
-12.2917 -2.3215
-11.7866 -2.1072
-11.2809 -1.8947
-10.7747 -1.6840
-10.2679 -1.4753
-9.7606 -1.2684
-9.2528 -1.0634
-8.7443 -0.8602
-8.2354 -0.6589
-7.7258 -0.4594
-7.2158 -0.2618
-6.7051 -0.0661
-6.1940 0.1278
-5.6822 0.3198
-5.1700 0.5100
-4.6571 0.6984
-4.1438 0.8849
-3.6298 1.0695
-3.1154 1.2523
-2.6004 1.4333
-2.0848 1.6124
-1.5687 1.7897
-1.0520 1.9652
-0.5348 2.1388
-0.0171 2.3105
0.5012 2.4804
1.0201 2.6485
1.5394 2.8148
2.0594 2.9792
2.5799 3.1417
3.1009 3.3025
3.6224 3.4614
4.1446 3.6184
4.6672 3.7737
5.1904 3.9270
5.7142 4.0786
6.2385 4.2283
6.7633 4.3762
7.2887 4.5222
7.8146 4.6664
8.3411 4.8088
8.8681 4.9493
9.3957 5.0880
9.9238 5.2249
10.4525 5.3599
10.9817 5.4930
11.5115 5.6244
12.0418 5.7539
12.5726 5.8815
13.1040 6.0073
13.6360 6.1312
14.1685 6.2533
14.7015 6.3736
15.2351 6.4920
15.7692 6.6086
16.3039 6.7233
16.8392 6.8361
17.3750 6.9471
17.9113 7.0562
18.4482 7.1635
18.9857 7.2689
19.5237 7.3725
20.0622 7.4742
20.6014 7.5740
21.1410 7.6720
21.6812 7.7681
22.2220 7.8623
22.7634 7.9546
23.3053 8.0451
23.8477 8.1337
24.3907 8.2204
24.9343 8.3052
25.4784 8.3881
26.0231 8.4691
26.5684 8.5483
27.1142 8.6255
27.6606 8.7009
28.2075 8.7743
28.7550 8.8458
29.3031 8.9155
29.8518 8.9832
30.4010 9.0490
30.9508 9.1129
31.5011 9.1748
32.0521 9.2348
32.6036 9.2929
33.1556 9.3491
33.7083 9.4033
34.2615 9.4556
34.8153 9.5060
35.3697 9.5543
35.9247 9.6008
36.4803 9.6452
37.0364 9.6878
37.5931 9.7283
38.1504 9.7669
38.7083 9.8035
39.2668 9.8381
39.8259 9.8707
40.3855 9.9013
40.9458 9.9300
41.5066 9.9566
42.0681 9.9812
42.6301 10.0038
43.1928 10.0244
43.7560 10.0430
44.3199 10.0595
44.8843 10.0740
45.4494 10.0864
46.0151 10.0968
46.5813 10.1052
47.1482 10.1115
47.7157 10.1157
48.2839 10.1178
48.8526 10.1179
49.4220 10.1159
49.9919 10.1118
50.5626 10.1055
51.1338 10.0972
51.7057 10.0868
52.2781 10.0742
52.8513 10.0595
53.4250 10.0427
53.9994 10.0237
54.5745 10.0025
55.1501 9.9792
55.7265 9.9537
56.3034 9.9261
56.8811 9.8962
57.4593 9.8642
58.0383 9.8300
58.6179 9.7935
59.1981 9.7548
