# Среднее РК | Диаметр: Dср = 634.2 мм | Линия: Корыто
# X, мм    Y, мм
-41.4838 -38.9500
-40.6014 -39.0726
-39.8937 -38.9641
-39.2886 -38.7199
-38.7249 -38.4209
-38.1840 -38.0919
-37.6581 -37.7429
-37.1438 -37.3787
-36.6383 -37.0028
-36.1389 -36.6188
-35.6430 -36.2303
-35.1484 -35.8399
-34.6551 -35.4479
-34.1633 -35.0540
-33.6732 -34.6577
-33.1852 -34.2587
-32.6994 -33.8567
-32.2156 -33.4521
-31.7336 -33.0451
-31.2532 -32.6360
-30.7741 -32.2253
-30.2961 -31.8130
-29.8192 -31.3994
-29.3432 -30.9844
-28.8683 -30.5681
-28.3943 -30.1505
-27.9212 -29.7318
-27.4490 -29.3118
-26.9776 -28.8908
-26.5071 -28.4687
-26.0373 -28.0455
-25.5683 -27.6214
-25.0999 -27.1964
-24.6322 -26.7706
-24.1649 -26.3441
-23.6982 -25.9170
-23.2318 -25.4894
-22.7657 -25.0614
-22.2999 -24.6330
-21.8343 -24.2044
-21.3688 -23.7756
-20.9033 -23.3468
-20.4378 -22.9180
-19.9722 -22.4893
-19.5065 -22.0608
-19.0406 -21.6327
-18.5743 -21.2048
-18.1077 -20.7775
-17.6407 -20.3507
-17.1733 -19.9245
-16.7052 -19.4991
-16.2366 -19.0744
-15.7676 -18.6503
-15.2982 -18.2266
-14.8287 -17.8032
-14.3590 -17.3799
-13.8894 -16.9566
-13.4199 -16.5331
-12.9506 -16.1093
-12.4818 -15.6849
-12.0135 -15.2599
-11.5456 -14.8342
-11.0780 -14.4083
-10.6103 -13.9824
-10.1423 -13.5569
-9.6736 -13.1323
-9.2041 -12.7087
-8.7335 -12.2868
-8.2614 -11.8667
-7.7876 -11.4489
-7.3119 -11.0337
-6.8340 -10.6212
-6.3543 -10.2112
-5.8730 -9.8033
-5.3903 -9.3973
-4.9063 -8.9929
-4.4214 -8.5898
-3.9358 -8.1877
-3.4496 -7.7862
-2.9631 -7.3852
-2.4766 -6.9842
-1.9901 -6.5832
-1.5036 -6.1822
-1.0170 -5.7812
-0.5305 -5.3803
-0.0438 -4.9795
0.4430 -4.5788
0.9299 -4.1784
1.4170 -3.7782
1.9043 -3.3783
2.3919 -2.9787
2.8798 -2.5794
3.3679 -2.1806
3.8564 -1.7823
4.3453 -1.3845
4.8347 -0.9872
5.3244 -0.5905
5.8146 -0.1944
6.3054 0.2010
6.7967 0.5957
7.2886 0.9896
7.7810 1.3827
8.2741 1.7751
8.7677 2.1666
9.2620 2.5574
9.7568 2.9474
10.2522 3.3367
10.7482 3.7251
11.2447 4.1129
11.7419 4.4998
12.2396 4.8860
12.7379 5.2714
13.2367 5.6561
13.7362 6.0400
14.2361 6.4232
14.7367 6.8056
15.2378 7.1873
15.7395 7.5683
16.2417 7.9485
16.7445 8.3279
17.2479 8.7067
17.7518 9.0847
18.2562 9.4620
18.7612 9.8386
19.2667 10.2145
19.7727 10.5897
20.2792 10.9642
20.7862 11.3381
21.2938 11.7113
21.8018 12.0838
22.3103 12.4558
22.8193 12.8271
23.3287 13.1978
23.8386 13.5678
24.3489 13.9373
24.8597 14.3062
25.3709 14.6745
25.8826 15.0423
26.3947 15.4095
26.9072 15.7761
27.4201 16.1422
27.9334 16.5078
28.4471 16.8727
28.9614 17.2371
29.4761 17.6008
29.9912 17.9639
30.5069 18.3263
31.0232 18.6880
31.5399 19.0490
32.0573 19.4092
32.5752 19.7687
33.0938 20.1273
33.6130 20.4851
34.1328 20.8420
34.6533 21.1981
35.1745 21.5533
35.6963 21.9075
36.2190 22.2607
36.7423 22.6130
37.2664 22.9643
37.7913 23.3145
38.3170 23.6637
38.8434 24.0120
39.3705 24.3593
39.8984 24.7056
40.4269 25.0511
40.9561 25.3957
41.4859 25.7394
42.0163 26.0824
42.5472 26.4246
43.0788 26.7660
43.6109 27.1067
44.1435 27.4468
44.6766 27.7862
45.2102 28.1250
45.7442 28.4631
46.2786 28.8007
46.8135 29.1378
47.3487 29.4744
47.8843 29.8105
48.4202 30.1462
48.9563 30.4816
49.4925 30.8169
50.0287 31.1522
50.5647 31.4877
51.1005 31.8236
51.6358 32.1601
52.1706 32.4973
52.7047 32.8353
53.2380 33.1744
53.7704 33.5147
54.3017 33.8565
54.8319 34.1997
55.3608 34.5447
55.8882 34.8916
56.4141 35.2405
56.9383 35.5917
57.4607 35.9452
57.9812 36.3013
58.4996 36.6601
