# Среднее РК | Диаметр: Dср = 634.2 мм | Линия: Спинка
# X, мм    Y, мм
-41.4838 -38.9500
-41.5553 -37.8111
-41.4499 -36.9061
-41.2399 -36.1396
-40.9863 -35.4306
-40.7079 -34.7543
-40.4124 -34.1008
-40.1033 -33.4651
-39.7833 -32.8439
-39.4552 -32.2335
-39.1215 -31.6305
-38.7844 -31.0319
-38.4440 -30.4376
-38.1001 -29.8481
-37.7524 -29.2635
-37.4006 -28.6844
-37.0446 -28.1108
-36.6845 -27.5427
-36.3205 -26.9796
-35.9530 -26.4212
-35.5822 -25.8672
-35.2082 -25.3174
-34.8312 -24.7716
-34.4512 -24.2298
-34.0681 -23.6920
-33.6822 -23.1581
-33.2933 -22.6280
-32.9015 -22.1017
-32.5069 -21.5792
-32.1094 -21.0604
-31.7092 -20.5453
-31.3063 -20.0337
-30.9007 -19.5257
-30.4926 -19.0211
-30.0819 -18.5198
-29.6688 -18.0217
-29.2534 -17.5267
-28.8356 -17.0348
-28.4157 -16.5458
-27.9935 -16.0597
-27.5693 -15.5763
-27.1431 -15.0955
-26.7150 -14.6173
-26.2850 -14.1416
-25.8532 -13.6683
-25.4196 -13.1973
-24.9844 -12.7284
-24.5476 -12.2617
-24.1093 -11.7970
-23.6694 -11.3343
-23.2282 -10.8734
-22.7856 -10.4143
-22.3416 -9.9572
-21.8959 -9.5022
-21.4484 -9.0495
-20.9992 -8.5993
-20.5480 -8.1516
-20.0947 -7.7067
-19.6392 -7.2647
-19.1814 -6.8257
-18.7211 -6.3900
-18.2585 -5.9574
-17.7937 -5.5277
-17.3270 -5.1004
-16.8588 -4.6753
-16.3892 -4.2519
-15.9186 -3.8299
-15.4472 -3.4089
-14.9753 -2.9885
-14.5033 -2.5684
-14.0312 -2.1482
-13.5594 -1.7279
-13.0875 -1.3075
-12.6153 -0.8876
-12.1426 -0.4683
-11.6692 -0.0500
-11.1949 0.3672
-10.7194 0.7827
-10.2425 1.1965
-9.7641 1.6081
-9.2837 2.0173
-8.8015 2.4239
-8.3173 2.8280
-7.8313 3.2296
-7.3434 3.6288
-6.8536 4.0255
-6.3621 4.4199
-5.8689 4.8120
-5.3739 5.2018
-4.8773 5.5894
-4.3790 5.9748
-3.8790 6.3581
-3.3775 6.7392
-2.8745 7.1184
-2.3699 7.4955
-1.8638 7.8706
-1.3563 8.2439
-0.8474 8.6152
-0.3371 8.9847
0.1746 9.3525
0.6876 9.7185
1.2019 10.0827
1.7175 10.4453
2.2344 10.8061
2.7526 11.1652
3.2721 11.5225
3.7929 11.8781
4.3151 12.2320
4.8386 12.5841
5.3634 12.9344
5.8895 13.2831
6.4170 13.6299
6.9457 13.9750
7.4759 14.3184
8.0073 14.6599
8.5401 14.9997
9.0742 15.3378
9.6097 15.6740
10.1465 16.0085
10.6847 16.3412
11.2242 16.6721
11.7650 17.0013
12.3073 17.3286
12.8509 17.6541
13.3959 17.9778
13.9422 18.2996
14.4900 18.6196
15.0392 18.9377
15.5898 19.2540
16.1418 19.5684
16.6952 19.8809
17.2501 20.1915
17.8064 20.5001
18.3642 20.8069
18.9235 21.1117
19.4842 21.4145
20.0465 21.7154
20.6102 22.0143
21.1754 22.3112
21.7421 22.6062
22.3103 22.8991
22.8801 23.1900
23.4513 23.4790
24.0240 23.7660
24.5982 24.0511
25.1738 24.3343
25.7508 24.6156
26.3293 24.8950
26.9091 25.1726
27.4903 25.4485
28.0728 25.7225
28.6567 25.9947
29.2419 26.2652
29.8284 26.5340
30.4161 26.8011
31.0052 27.0665
31.5955 27.3303
32.1870 27.5925
32.7797 27.8530
33.3736 28.1120
33.9687 28.3694
34.5650 28.6252
35.1626 28.8794
35.7613 29.1319
36.3614 29.3828
36.9627 29.6320
37.5654 29.8794
38.1694 30.1250
38.7748 30.3688
39.3816 30.6107
39.9898 30.8508
40.5994 31.0890
41.2106 31.3252
41.8232 31.5594
42.4374 31.7916
43.0531 32.0218
43.6704 32.2498
44.2892 32.4758
44.9098 32.6996
45.5319 32.9212
46.1558 33.1405
46.7815 33.3575
47.4091 33.5719
48.0388 33.7836
48.6706 33.9924
49.3048 34.1982
49.9414 34.4007
50.5806 34.5998
51.2225 34.7953
51.8673 34.9870
52.5150 35.1748
53.1658 35.3586
53.8199 35.5380
54.4773 35.7130
55.1382 35.8834
55.8027 36.0490
56.4710 36.2097
57.1431 36.3652
57.8193 36.5154
58.4996 36.6601
