# Среднее РК | Диаметр: Dср = 634.2 мм | Линия: Средняя линия
# X, мм    Y, мм
-41.4838 -38.9500
-41.0783 -38.4419
-40.6718 -37.9351
-40.2642 -37.4297
-39.8556 -36.9257
-39.4460 -36.4231
-39.0353 -35.9218
-38.6236 -35.4219
-38.2108 -34.9234
-37.7970 -34.4262
-37.3822 -33.9304
-36.9664 -33.4359
-36.5496 -32.9428
-36.1317 -32.4510
-35.7128 -31.9606
-35.2929 -31.4715
-34.8720 -30.9838
-34.4500 -30.4974
-34.0271 -30.0123
-33.6031 -29.5286
-33.1782 -29.0462
-32.7522 -28.5652
-32.3252 -28.0855
-31.8972 -27.6071
-31.4682 -27.1300
-31.0382 -26.6543
-30.6072 -26.1799
-30.1752 -25.7068
-29.7422 -25.2350
-29.3083 -24.7646
-28.8733 -24.2954
-28.4373 -23.8276
-28.0003 -23.3611
-27.5624 -22.8959
-27.1234 -22.4320
-26.6835 -21.9694
-26.2426 -21.5081
-25.8007 -21.0481
-25.3578 -20.5894
-24.9139 -20.1320
-24.4691 -19.6759
-24.0232 -19.2212
-23.5764 -18.7677
-23.1286 -18.3155
-22.6798 -17.8646
-22.2301 -17.4150
-21.7794 -16.9666
-21.3277 -16.5196
-20.8750 -16.0739
-20.4214 -15.6294
-19.9667 -15.1862
-19.5111 -14.7443
-19.0546 -14.3037
-18.5971 -13.8644
-18.1386 -13.4264
-17.6791 -12.9896
-17.2187 -12.5541
-16.7573 -12.1199
-16.2949 -11.6870
-15.8316 -11.2553
-15.3673 -10.8249
-14.9020 -10.3958
-14.4358 -9.9680
-13.9686 -9.5414
-13.5005 -9.1161
-13.0314 -8.6921
-12.5614 -8.2693
-12.0903 -7.8478
-11.6184 -7.4276
-11.1454 -7.0086
-10.6716 -6.5909
-10.1967 -6.1745
-9.7209 -5.7594
-9.2442 -5.3455
-8.7664 -4.9328
-8.2878 -4.5214
-7.8082 -4.1113
-7.3276 -3.7025
-6.8461 -3.2949
-6.3636 -2.8886
-5.8802 -2.4835
-5.3958 -2.0797
-4.9104 -1.6771
-4.4242 -1.2758
-3.9369 -0.8758
-3.4487 -0.4770
-2.9596 -0.0795
-2.4695 0.3168
-1.9785 0.7118
-1.4865 1.1056
-0.9935 1.4981
-0.4996 1.8893
-0.0048 2.2793
0.4910 2.6680
0.9877 3.0555
1.4854 3.4417
1.9840 3.8267
2.4836 4.2104
2.9842 4.5929
3.4856 4.9741
3.9881 5.3540
4.4914 5.7327
4.9958 6.1102
5.5010 6.4864
6.0073 6.8613
6.5144 7.2350
7.0226 7.6074
7.5316 7.9786
8.0417 8.3485
8.5526 8.7171
9.0645 9.0845
9.5774 9.4507
10.0912 9.8156
10.6060 10.1792
11.1217 10.5416
11.6384 10.9027
12.1560 11.2625
12.6746 11.6211
13.1941 11.9785
13.7146 12.3346
14.2360 12.6894
14.7584 13.0430
15.2817 13.3953
15.8060 13.7463
16.3313 14.0961
16.8575 14.4446
17.3846 14.7919
17.9127 15.1379
18.4418 15.4826
18.9718 15.8261
19.5028 16.1683
20.0347 16.5093
20.5676 16.8489
21.1014 17.1873
21.6362 17.5245
22.1720 17.8604
22.7087 18.1950
23.2464 18.5283
23.7850 18.8604
24.3246 19.1911
24.8652 19.5207
25.4067 19.8489
25.9492 20.1759
26.4927 20.5016
27.0371 20.8260
27.5825 21.1491
28.1289 21.4710
28.6762 21.7915
29.2245 22.1108
29.7738 22.4288
30.3240 22.7456
30.8752 23.0610
31.4274 23.3752
31.9806 23.6880
32.5347 23.9996
33.0898 24.3099
33.6459 24.6189
34.2030 24.9266
34.7610 25.2330
35.3200 25.5381
35.8800 25.8419
36.4410 26.1445
37.0030 26.4457
37.5659 26.7456
38.1299 27.0442
38.6948 27.3415
39.2607 27.6375
39.8276 27.9322
40.3955 28.2256
40.9644 28.5177
41.5343 28.8084
42.1052 29.0979
42.6770 29.3860
43.2499 29.6728
43.8238 29.9583
44.3986 30.2424
44.9745 30.5253
45.5514 30.8068
46.1292 31.0870
46.7081 31.3658
47.2880 31.6434
47.8689 31.9195
48.4508 32.1944
49.0337 32.4679
49.6177 32.7401
50.2026 33.0109
50.7886 33.2804
51.3756 33.5485
51.9636 33.8153
52.5526 34.0807
53.1427 34.3448
53.7338 34.6075
54.3259 34.8689
54.9190 35.1289
55.5132 35.3875
56.1084 35.6448
56.7046 35.9007
57.3019 36.1552
57.9002 36.4083
58.4996 36.6601
