# Периферия НА | Диаметр: Dп = 802.3 мм | Линия: Корыто
# X, мм    Y, мм
-16.2862 -48.4090
-15.2868 -48.2175
-14.6084 -47.8897
-14.1188 -47.4817
-13.7060 -47.0411
-13.3356 -46.5825
-12.9938 -46.1117
-12.6739 -45.6317
-12.3711 -45.1443
-12.0804 -44.6518
-11.7970 -44.1563
-11.5170 -43.6593
-11.2400 -43.1610
-10.9667 -42.6611
-10.6975 -42.1595
-10.4329 -41.6559
-10.1733 -41.1503
-9.9182 -40.6426
-9.6674 -40.1333
-9.4202 -39.6223
-9.1763 -39.1099
-8.9353 -38.5964
-8.6971 -38.0816
-8.4616 -37.5657
-8.2287 -37.0486
-7.9985 -36.5305
-7.7708 -36.0113
-7.5455 -35.4910
-7.3227 -34.9697
-7.1021 -34.4474
-6.8839 -33.9242
-6.6678 -33.4000
-6.4539 -32.8749
-6.2418 -32.3490
-6.0316 -31.8224
-5.8230 -31.2950
-5.6160 -30.7670
-5.4104 -30.2384
-5.2062 -29.7092
-5.0030 -29.1795
-4.8010 -28.6494
-4.5998 -28.1189
-4.3994 -27.5881
-4.1997 -27.0570
-4.0005 -26.5256
-3.8018 -25.9941
-3.6033 -25.4624
-3.4050 -24.9307
-3.2068 -24.3989
-3.0085 -23.8672
-2.8101 -23.3356
-2.6114 -22.8040
-2.4127 -22.2724
-2.2143 -21.7408
-2.0162 -21.2090
-1.8188 -20.6769
-1.6223 -20.1444
-1.4268 -19.6115
-1.2327 -19.0780
-1.0400 -18.5439
-0.8491 -18.0090
-0.6598 -17.4735
-0.4718 -16.9374
-0.2845 -16.4010
-0.0974 -15.8645
0.0900 -15.3282
0.2782 -14.7922
0.4678 -14.2567
0.6591 -13.7221
0.8528 -13.1884
1.0493 -12.6559
1.2488 -12.1247
1.4510 -11.5946
1.6553 -11.0654
1.8614 -10.5370
2.0689 -10.0092
2.2774 -9.4818
2.4864 -8.9547
2.6956 -8.4276
2.9046 -7.9004
3.1129 -7.3729
3.3204 -6.8451
3.5270 -6.3169
3.7329 -5.7884
3.9381 -5.2596
4.1427 -4.7306
4.3467 -4.2013
4.5501 -3.6718
4.7532 -3.1420
4.9558 -2.6122
5.1581 -2.0821
5.3601 -1.5520
5.5619 -1.0218
5.7636 -0.4915
5.9652 0.0388
6.1667 0.5692
6.3683 1.0995
6.5700 1.6298
6.7718 2.1600
6.9738 2.6902
7.1761 3.2202
7.3787 3.7501
7.5816 4.2798
7.7848 4.8095
7.9883 5.3390
8.1920 5.8684
8.3961 6.3977
8.6004 6.9268
8.8050 7.4559
9.0099 7.9848
9.2150 8.5136
9.4204 9.0424
9.6260 9.5710
9.8319 10.0994
10.0380 10.6278
10.2444 11.1561
10.4510 11.6843
10.6579 12.2124
10.8650 12.7404
11.0723 13.2683
11.2799 13.7961
11.4876 14.3238
11.6956 14.8514
11.9037 15.3789
12.1120 15.9064
12.3205 16.4338
12.5291 16.9611
12.7379 17.4884
12.9467 18.0156
13.1557 18.5428
13.3647 19.0700
13.5738 19.5971
13.7830 20.1242
13.9922 20.6513
14.2014 21.1784
14.4106 21.7055
14.6199 22.2325
14.8291 22.7596
15.0383 23.2867
15.2474 23.8138
15.4565 24.3410
15.6656 24.8681
15.8746 25.3953
16.0837 25.9224
16.2928 26.4495
16.5021 26.9766
16.7114 27.5036
16.9209 28.0306
17.1307 28.5575
17.3406 29.0842
17.5508 29.6109
17.7613 30.1374
17.9722 30.6638
18.1834 31.1901
18.3950 31.7161
18.6071 32.2420
18.8196 32.7677
19.0326 33.2931
19.2461 33.8184
19.4603 34.3434
19.6750 34.8681
19.8903 35.3926
20.1061 35.9169
20.3225 36.4410
20.5392 36.9648
20.7564 37.4885
20.9740 38.0121
21.1918 38.5355
21.4099 39.0588
21.6283 39.5820
21.8468 40.1051
22.0655 40.6282
22.2843 41.1512
22.5031 41.6742
22.7219 42.1972
22.9407 42.7202
23.1594 43.2433
23.3780 43.7664
23.5965 44.2895
23.8147 44.8128
24.0327 45.3362
24.2502 45.8597
24.4670 46.3836
24.6828 46.9078
24.8975 47.4326
25.1108 47.9580
25.3224 48.4840
25.5322 49.0109
25.7399 49.5386
25.9452 50.0673
26.1480 50.5971
26.3480 51.1282
26.5449 51.6605
26.7385 52.1942
26.9286 52.7294
27.1150 53.2661
27.2974 53.8046
27.4756 54.3449
27.6494 54.8870
27.8185 55.4311
