# Периферия НА | Диаметр: Dп = 802.3 мм | Линия: Спинка
# X, мм    Y, мм
-16.2862 -48.4090
-17.0337 -47.4756
-17.4582 -46.6793
-17.6919 -45.9641
-17.8468 -45.2824
-17.9573 -44.6195
-18.0373 -43.9696
-18.0932 -43.3299
-18.1302 -42.6982
-18.1530 -42.0726
-18.1666 -41.4509
-18.1749 -40.8314
-18.1781 -40.2141
-18.1756 -39.5992
-18.1671 -38.9869
-18.1520 -38.3774
-18.1300 -37.7708
-18.1014 -37.1670
-18.0667 -36.5658
-18.0263 -35.9670
-17.9806 -35.3704
-17.9301 -34.7759
-17.8749 -34.1834
-17.8150 -33.5929
-17.7504 -33.0044
-17.6814 -32.4178
-17.6078 -31.8331
-17.5298 -31.2503
-17.4475 -30.6693
-17.3608 -30.0902
-17.2700 -29.5128
-17.1750 -28.9372
-17.0760 -28.3633
-16.9731 -27.7911
-16.8665 -27.2204
-16.7562 -26.6513
-16.6425 -26.0837
-16.5254 -25.5175
-16.4050 -24.9526
-16.2816 -24.3891
-16.1551 -23.8269
-16.0259 -23.2658
-15.8939 -22.7060
-15.7593 -22.1472
-15.6222 -21.5895
-15.4828 -21.0327
-15.3411 -20.4769
-15.1974 -19.9221
-15.0516 -19.3680
-14.9040 -18.8148
-14.7547 -18.2623
-14.6036 -17.7105
-14.4506 -17.1595
-14.2955 -16.6094
-14.1380 -16.0604
-13.9780 -15.5124
-13.8152 -14.9656
-13.6494 -14.4201
-13.4804 -13.8759
-13.3079 -13.3332
-13.1318 -12.7921
-12.9522 -12.2525
-12.7693 -11.7142
-12.5839 -11.1770
-12.3963 -10.6407
-12.2072 -10.1051
-12.0169 -9.5700
-11.8260 -9.0351
-11.6350 -8.5003
-11.4445 -7.9653
-11.2549 -7.4299
-11.0663 -6.8940
-10.8785 -6.3578
-10.6909 -5.8216
-10.5032 -5.2853
-10.3150 -4.7493
-10.1259 -4.2137
-9.9355 -3.6786
-9.7433 -3.1443
-9.5489 -2.6109
-9.3520 -2.0786
-9.1524 -1.5475
-8.9500 -1.0175
-8.7450 -0.4886
-8.5373 0.0391
-8.3272 0.5658
-8.1145 1.0914
-7.8994 1.6160
-7.6820 2.1396
-7.4623 2.6623
-7.2404 3.1839
-7.0162 3.7047
-6.7900 4.2245
-6.5617 4.7435
-6.3314 5.2617
-6.0992 5.7790
-5.8651 6.2955
-5.6293 6.8112
-5.3916 7.3263
-5.1523 7.8405
-4.9113 8.3541
-4.6688 8.8671
-4.4246 9.3793
-4.1788 9.8909
-3.9314 10.4017
-3.6824 10.9119
-3.4318 11.4214
-3.1795 11.9302
-2.9256 12.4383
-2.6701 12.9457
-2.4130 13.4525
-2.1542 13.9585
-1.8937 14.4638
-1.6316 14.9684
-1.3679 15.4724
-1.1025 15.9756
-0.8354 16.4781
-0.5667 16.9799
-0.2963 17.4810
-0.0242 17.9814
0.2496 18.4810
0.5250 18.9800
0.8022 19.4782
1.0811 19.9757
1.3617 20.4724
1.6441 20.9685
1.9282 21.4637
2.2141 21.9582
2.5018 22.4520
2.7913 22.9449
3.0827 23.4371
3.3759 23.9286
3.6709 24.4192
3.9678 24.9090
4.2666 25.3981
4.5673 25.8863
4.8699 26.3737
5.1745 26.8603
5.4810 27.3461
5.7894 27.8310
6.0998 28.3151
6.4122 28.7984
6.7265 29.2808
7.0427 29.7625
7.3607 30.2433
7.6806 30.7234
8.0023 31.2027
8.3257 31.6813
8.6509 32.1591
8.9777 32.6363
9.3062 33.1127
9.6363 33.5884
9.9681 34.0635
10.3013 34.5378
10.6361 35.0116
10.9725 35.4847
11.3102 35.9572
11.6494 36.4290
11.9900 36.9003
12.3320 37.3710
12.6752 37.8412
13.0199 38.3107
13.3660 38.7797
13.7135 39.2480
14.0625 39.7158
14.4130 40.1828
14.7651 40.6492
15.1189 41.1149
15.4743 41.5799
15.8314 42.0441
16.1903 42.5076
16.5510 42.9704
16.9136 43.4323
17.2781 43.8935
17.6445 44.3538
18.0129 44.8133
18.3833 45.2719
18.7558 45.7296
19.1304 46.1864
19.5072 46.6423
19.8863 47.0973
20.2677 47.5512
20.6519 48.0040
21.0389 48.4556
21.4291 48.9058
21.8226 49.3546
22.2197 49.8018
22.6207 50.2475
23.0258 50.6914
23.4352 51.1334
23.8492 51.5735
24.2679 52.0116
24.6917 52.4476
25.1207 52.8813
25.5552 53.3127
25.9954 53.7417
26.4417 54.1681
26.8941 54.5919
27.3529 55.0129
27.8185 55.4311
