# Периферия НА | Диаметр: Dп = 802.3 мм | Линия: Средняя линия
# X, мм    Y, мм
-16.2862 -48.4090
-16.1603 -47.8465
-16.0333 -47.2845
-15.9053 -46.7229
-15.7764 -46.1618
-15.6465 -45.6010
-15.5155 -45.0407
-15.3836 -44.4808
-15.2507 -43.9213
-15.1167 -43.3622
-14.9818 -42.8036
-14.8459 -42.2453
-14.7090 -41.6875
-14.5712 -41.1302
-14.4323 -40.5732
-14.2925 -40.0166
-14.1516 -39.4605
-14.0098 -38.9048
-13.8670 -38.3495
-13.7232 -37.7946
-13.5785 -37.2402
-13.4327 -36.6861
-13.2860 -36.1325
-13.1383 -35.5793
-12.9896 -35.0265
-12.8399 -34.4741
-12.6893 -33.9222
-12.5377 -33.3706
-12.3851 -32.8195
-12.2315 -32.2688
-12.0769 -31.7185
-11.9214 -31.1686
-11.7649 -30.6191
-11.6075 -30.0701
-11.4490 -29.5214
-11.2896 -28.9732
-11.1292 -28.4253
-10.9679 -27.8779
-10.8056 -27.3309
-10.6423 -26.7843
-10.4780 -26.2381
-10.3128 -25.6924
-10.1466 -25.1470
-9.9795 -24.6021
-9.8114 -24.0575
-9.6423 -23.5134
-9.4722 -22.9697
-9.3012 -22.4264
-9.1292 -21.8835
-8.9563 -21.3410
-8.7824 -20.7989
-8.6075 -20.2572
-8.4317 -19.7160
-8.2549 -19.1751
-8.0771 -18.6347
-7.8984 -18.0946
-7.7187 -17.5550
-7.5381 -17.0158
-7.3565 -16.4770
-7.1740 -15.9386
-6.9905 -15.4006
-6.8060 -14.8630
-6.6206 -14.3258
-6.4342 -13.7890
-6.2469 -13.2526
-6.0586 -12.7166
-5.8693 -12.1811
-5.6791 -11.6459
-5.4879 -11.1112
-5.2958 -10.5768
-5.1028 -10.0429
-4.9087 -9.5094
-4.7137 -8.9762
-4.5178 -8.4435
-4.3209 -7.9112
-4.1231 -7.3793
-3.9243 -6.8478
-3.7245 -6.3167
-3.5238 -5.7860
-3.3222 -5.2557
-3.1196 -4.7258
-2.9160 -4.1963
-2.7115 -3.6672
-2.5060 -3.1385
-2.2996 -2.6103
-2.0922 -2.0824
-1.8839 -1.5549
-1.6747 -1.0279
-1.4644 -0.5012
-1.2533 0.0250
-1.0411 0.5509
-0.8281 1.0763
-0.6140 1.6014
-0.3991 2.1260
-0.1831 2.6502
0.0337 3.1741
0.2516 3.6975
0.4704 4.2205
0.6901 4.7431
0.9108 5.2653
1.1324 5.7872
1.3550 6.3086
1.5785 6.8296
1.8030 7.3502
2.0284 7.8704
2.2548 8.3902
2.4822 8.9095
2.7104 9.4285
2.9397 9.9471
3.1699 10.4653
3.4010 10.9830
3.6331 11.5004
3.8661 12.0174
4.1001 12.5339
4.3351 13.0501
4.5710 13.5658
4.8078 14.0812
5.0456 14.5961
5.2844 15.1107
5.5241 15.6248
5.7647 16.1385
6.0063 16.6519
6.2489 17.1648
6.4924 17.6773
6.7369 18.1894
6.9823 18.7011
7.2287 19.2124
7.4760 19.7233
7.7243 20.2338
7.9735 20.7439
8.2237 21.2536
8.4748 21.7628
8.7269 22.2717
8.9800 22.7802
9.2340 23.2882
9.4890 23.7959
9.7449 24.3031
10.0018 24.8100
10.2596 25.3164
10.5184 25.8224
10.7782 26.3280
11.0389 26.8332
11.3006 27.3380
11.5632 27.8424
11.8268 28.3464
12.0913 28.8500
12.3569 29.3532
12.6233 29.8559
12.8908 30.3583
13.1592 30.8602
13.4285 31.3618
13.6988 31.8629
13.9701 32.3636
14.2424 32.8639
14.5156 33.3639
14.7898 33.8633
15.0649 34.3624
15.3410 34.8611
15.6181 35.3594
15.8961 35.8572
16.1751 36.3546
16.4551 36.8517
16.7360 37.3483
17.0180 37.8445
17.3008 38.3403
17.5847 38.8357
17.8695 39.3306
18.1553 39.8252
18.4421 40.3193
18.7298 40.8131
19.0186 41.3064
19.3083 41.7993
19.5989 42.2918
19.8906 42.7838
20.1832 43.2755
20.4768 43.7667
20.7714 44.2576
21.0669 44.7480
21.3635 45.2380
21.6610 45.7276
21.9595 46.2167
22.2589 46.7055
22.5594 47.1938
22.8609 47.6817
23.1633 48.1692
23.4667 48.6563
23.7711 49.1429
24.0765 49.6292
24.3829 50.1150
24.6902 50.6004
24.9986 51.0853
25.3079 51.5699
25.6183 52.0540
25.9296 52.5377
26.2419 53.0210
26.5552 53.5039
26.8696 53.9863
27.1849 54.4684
27.5012 54.9500
27.8185 55.4311
