# Линия Dвт/2 меридионального сечения
# X, мм    Dвт/2, мм
0.0000 200.5661
77.7652 218.5290
93.3183 222.1216
169.1539 239.6388
184.3210 243.1422
243.7797 257.1407
255.6714 259.9404
313.4480 273.5429
325.0033 276.2634
371.0169 286.6033
380.2196 288.6713
424.7872 298.6862
433.7007 300.6892
470.4907 308.1104
477.8487 309.5947
513.3807 316.7621
520.4871 318.1956
550.7557 323.7434
556.8095 324.8529
585.9590 330.1956
591.7890 331.2641
617.2418 335.5390
622.3324 336.3940
646.7725 340.4987
651.6606 341.3197
673.4404 344.6932
677.7963 345.3679
698.6472 348.5975
702.8173 349.2434
721.7240 351.9578
725.5053 352.5007
743.5502 355.0915
747.1592 355.6096
763.7718 357.8296
767.0943 358.2736
782.8999 360.3858
786.0610 360.8082
800.8104 362.6491
803.7603 363.0173
817.7479 364.7631
820.5454 365.1123
833.7597 366.6571
836.4025 366.9661
848.8925 368.4262
851.3905 368.7183
863.3570 368.7183
865.7503 368.7183
877.0232 368.7183
879.2778 368.7183
890.0901 368.7183
892.2526 368.7183
902.8787 368.7183
905.0039 368.7183
914.7922 368.7183
916.7499 368.7183
927.0399 368.7183
929.0979 368.7183
