# Линия Dк/2 меридионального сечения (периферия)
# X, мм    Dк/2, мм
0.0000 414.9066
66.7607 414.9066
80.1129 414.9066
145.9720 414.9066
159.1439 414.9066
213.3159 414.9066
224.1503 414.9066
277.4057 414.9066
288.0567 414.9066
331.1685 414.9066
339.7909 414.9066
382.0383 414.9066
390.4878 414.9066
425.1589 414.9066
432.0932 414.9066
465.9671 414.9066
472.7419 414.9066
501.1206 414.9066
506.7964 414.9066
534.4355 414.9066
539.9633 414.9066
563.5627 414.9066
568.2825 414.9066
591.1905 414.9066
595.7721 414.9066
615.6780 414.9066
619.6592 414.9066
638.9139 414.9066
642.7649 414.9066
659.7717 414.9066
663.1731 414.9066
679.5620 414.9066
682.8398 414.9066
697.5395 414.9066
700.4794 414.9066
714.5882 414.9066
717.4100 414.9066
730.2854 413.5710
732.8604 413.3039
745.1666 412.0274
747.6279 411.7720
759.1049 410.6340
761.4003 410.4063
772.3141 409.3241
774.4969 409.1077
784.6824 408.2287
786.7195 408.0529
796.7883 407.1841
798.8020 407.0103
807.8667 406.6017
809.6796 406.5200
819.2264 406.0896
821.1358 406.0036
