# Линия Dср/2 меридионального сечения (средняя линия)
# X, мм    Dср/2, мм
0.0000 349.9141
66.7607 353.6455
80.1129 354.4025
145.9720 358.1880
159.1439 358.9552
213.3159 362.7986
224.1503 363.5767
277.4057 367.4468
288.0567 368.2297
331.1685 371.5368
339.7909 372.2042
382.0383 375.5026
390.4878 376.1678
425.1589 378.7699
432.0932 379.2936
465.9671 381.8674
472.7419 382.3851
501.1206 384.4419
506.7964 384.8551
534.4355 386.8762
539.9633 387.2821
563.5627 388.9210
568.2825 389.2499
591.1905 390.8513
595.7721 391.1726
615.6780 392.4905
619.6592 392.7548
638.9139 394.0361
642.7649 394.2930
659.7717 395.3627
663.1731 395.5771
679.5620 396.6119
682.8398 396.8193
697.5395 397.6952
700.4794 397.8707
714.5882 398.7140
717.4100 398.8829
730.2854 398.1888
732.8604 398.0501
745.1666 397.3879
747.6279 397.2555
759.1049 396.6661
761.4003 396.5483
772.3141 395.9886
774.4969 395.8767
784.6824 395.4228
786.7195 395.3321
796.7883 394.8839
798.8020 394.7943
807.8667 394.5837
809.6796 394.5416
819.2264 394.3200
821.1358 394.2757
