# Осевая линия меридионального сечения (Y=0)
# X, мм    Y, мм
0.0000 0.0000
77.7652 0.0000
93.3183 0.0000
169.1539 0.0000
184.3210 0.0000
243.7797 0.0000
255.6714 0.0000
313.4480 0.0000
325.0033 0.0000
371.0169 0.0000
380.2196 0.0000
424.7872 0.0000
433.7007 0.0000
470.4907 0.0000
477.8487 0.0000
513.3807 0.0000
520.4871 0.0000
550.7557 0.0000
556.8095 0.0000
585.9590 0.0000
591.7890 0.0000
617.2418 0.0000
622.3324 0.0000
646.7725 0.0000
651.6606 0.0000
673.4404 0.0000
677.7963 0.0000
698.6472 0.0000
702.8173 0.0000
721.7240 0.0000
725.5053 0.0000
743.5502 0.0000
747.1592 0.0000
763.7718 0.0000
767.0943 0.0000
782.8999 0.0000
786.0610 0.0000
800.8104 0.0000
803.7603 0.0000
817.7479 0.0000
820.5454 0.0000
833.7597 0.0000
836.4025 0.0000
848.8925 0.0000
851.3905 0.0000
863.3570 0.0000
865.7503 0.0000
877.0232 0.0000
879.2778 0.0000
890.0901 0.0000
892.2526 0.0000
902.8787 0.0000
905.0039 0.0000
914.7922 0.0000
916.7499 0.0000
927.0399 0.0000
929.0979 0.0000
