# Периферия РК | Диаметр: Dп = 802.3 мм | Линия: Корыто
# X, мм    Y, мм
-24.6133 -63.3222
-23.7901 -62.8526
-23.1808 -62.2914
-22.6972 -61.6763
-22.2648 -61.0392
-21.8608 -60.3900
-21.4759 -59.7325
-21.1057 -59.0688
-20.7469 -58.4002
-20.3963 -57.7280
-20.0507 -57.0538
-19.7073 -56.3785
-19.3661 -55.7023
-19.0275 -55.0251
-18.6916 -54.3466
-18.3589 -53.6668
-18.0296 -52.9856
-17.7034 -52.3030
-17.3801 -51.6191
-17.0594 -50.9342
-16.7409 -50.2483
-16.4244 -49.5615
-16.1098 -48.8740
-15.7972 -48.1855
-15.4864 -47.4963
-15.1774 -46.8064
-14.8702 -46.1156
-14.5647 -45.4242
-14.2609 -44.7320
-13.9587 -44.0391
-13.6581 -43.3455
-13.3591 -42.6513
-13.0615 -41.9564
-12.7653 -41.2610
-12.4703 -40.5650
-12.1766 -39.8685
-11.8840 -39.1715
-11.5924 -38.4741
-11.3017 -37.7762
-11.0119 -37.0780
-10.7229 -36.3795
-10.4345 -35.6807
-10.1468 -34.9816
-9.8595 -34.2823
-9.5727 -33.5828
-9.2863 -32.8832
-9.0001 -32.1834
-8.7142 -31.4836
-8.4283 -30.7837
-8.1425 -30.0838
-7.8566 -29.3839
-7.5707 -28.6841
-7.2848 -27.9842
-6.9991 -27.2842
-6.7139 -26.5841
-6.4291 -25.8837
-6.1449 -25.1831
-5.8616 -24.4822
-5.5791 -23.7808
-5.2978 -23.0790
-5.0177 -22.3766
-4.7387 -21.6738
-4.4607 -20.9705
-4.1832 -20.2671
-3.9059 -19.5635
-3.6284 -18.8600
-3.3505 -18.1567
-3.0718 -17.4538
-2.7920 -16.7513
-2.5107 -16.0495
-2.2275 -15.3484
-1.9425 -14.6482
-1.6558 -13.9487
-1.3676 -13.2497
-1.0784 -12.5513
-0.7883 -11.8532
-0.4976 -11.1554
-0.2066 -10.4577
0.0844 -9.7601
0.3752 -9.0623
0.6655 -8.3643
0.9552 -7.6661
1.2442 -6.9675
1.5327 -6.2688
1.8207 -5.5698
2.1081 -4.8706
2.3951 -4.1712
2.6817 -3.4716
2.9679 -2.7719
3.2538 -2.0720
3.5395 -1.3720
3.8248 -0.6719
4.1100 0.0283
4.3950 0.7285
4.6798 1.4288
4.9646 2.1292
5.2493 2.8296
5.5340 3.5299
5.8188 4.2303
6.1036 4.9306
6.3885 5.6309
6.6736 6.3311
6.9588 7.0313
7.2441 7.7314
7.5296 8.4315
7.8151 9.1315
8.1008 9.8315
8.3866 10.5314
8.6725 11.2312
8.9586 11.9311
9.2447 12.6308
9.5309 13.3306
9.8173 14.0302
10.1037 14.7299
10.3903 15.4295
10.6769 16.1290
10.9636 16.8285
11.2504 17.5280
11.5373 18.2275
11.8243 18.9269
12.1114 19.6262
12.3985 20.3256
12.6857 21.0249
12.9730 21.7242
13.2603 22.4234
13.5476 23.1227
13.8350 23.8219
14.1224 24.5212
14.4097 25.2204
14.6971 25.9196
14.9845 26.6189
15.2718 27.3181
15.5591 28.0174
15.8464 28.7167
16.1336 29.4160
16.4208 30.1153
16.7078 30.8147
16.9948 31.5141
17.2817 32.2135
17.5685 32.9130
17.8552 33.6125
18.1418 34.3121
18.4283 35.0117
18.7148 35.7114
19.0012 36.4110
19.2876 37.1106
19.5741 37.8103
19.8605 38.5099
20.1471 39.2095
20.4337 39.9091
20.7204 40.6086
21.0072 41.3081
21.2942 42.0075
21.5813 42.7068
21.8687 43.4061
22.1562 44.1052
22.4440 44.8043
22.7321 45.5032
23.0204 46.2021
23.3091 46.9007
23.5980 47.5993
23.8873 48.2977
24.1768 48.9960
24.4666 49.6942
24.7566 50.3924
25.0468 51.0904
25.3372 51.7883
25.6276 52.4862
25.9182 53.1841
26.2089 53.8819
26.4996 54.5797
26.7903 55.2776
27.0810 55.9754
27.3717 56.6732
27.6622 57.3711
27.9527 58.0690
28.2430 58.7669
28.5332 59.4650
28.8232 60.1631
29.1130 60.8613
29.4025 61.5596
29.6916 62.2581
29.9801 62.9569
30.2679 63.6559
30.5549 64.3553
30.8409 65.0552
31.1256 65.7555
31.4091 66.4564
31.6910 67.1580
31.9713 67.8603
32.2498 68.5633
32.5264 69.2672
32.8008 69.9720
33.0730 70.6777
33.3427 71.3845
33.6099 72.0924
33.8743 72.8015
34.1358 73.5118
34.3943 74.2235
34.6495 74.9365
