# Периферия РК | Диаметр: Dп = 802.3 мм | Линия: Спинка
# X, мм    Y, мм
-24.6133 -63.3222
-24.9531 -62.3542
-25.0780 -61.4782
-25.0759 -60.6567
-25.0215 -59.8576
-24.9376 -59.0711
-24.8335 -58.2933
-24.7135 -57.5224
-24.5809 -56.7568
-24.4390 -55.9952
-24.2911 -55.2362
-24.1397 -54.4786
-23.9850 -53.7225
-23.8267 -52.9680
-23.6643 -52.2151
-23.4977 -51.4641
-23.3266 -50.7151
-23.1512 -49.9679
-22.9718 -49.2223
-22.7887 -48.4784
-22.6022 -47.7359
-22.4125 -46.9948
-22.2198 -46.2550
-22.0240 -45.5165
-21.8253 -44.7793
-21.6236 -44.0433
-21.4190 -43.3086
-21.2115 -42.5751
-21.0013 -41.8428
-20.7882 -41.1117
-20.5725 -40.3818
-20.3540 -39.6530
-20.1330 -38.9253
-19.9094 -38.1987
-19.6834 -37.4732
-19.4551 -36.7486
-19.2246 -36.0250
-18.9919 -35.3023
-18.7571 -34.5806
-18.5203 -33.8596
-18.2817 -33.1395
-18.0412 -32.4202
-17.7990 -31.7016
-17.5551 -30.9837
-17.3096 -30.2665
-17.0627 -29.5499
-16.8143 -28.8340
-16.5647 -28.1186
-16.3137 -27.4037
-16.0616 -26.6894
-15.8085 -25.9755
-15.5542 -25.2620
-15.2988 -24.5491
-15.0420 -23.8368
-14.7837 -23.1251
-14.5238 -22.4140
-14.2621 -21.7038
-13.9985 -20.9944
-13.7328 -20.2858
-13.4649 -19.5783
-13.1946 -18.8717
-12.9221 -18.1661
-12.6475 -17.4614
-12.3712 -16.7574
-12.0936 -16.0539
-11.8150 -15.3509
-11.5358 -14.6482
-11.2562 -13.9457
-10.9766 -13.2431
-10.6974 -12.5404
-10.4188 -11.8373
-10.1410 -11.1340
-9.8638 -10.4304
-9.5868 -9.7267
-9.3099 -9.0230
-9.0326 -8.3194
-8.7548 -7.6161
-8.4762 -6.9131
-8.1965 -6.2106
-7.9155 -5.5086
-7.6328 -4.8074
-7.3483 -4.1069
-7.0621 -3.4072
-6.7742 -2.7081
-6.4846 -2.0098
-6.1934 -1.3122
-5.9006 -0.6153
-5.6063 0.0809
-5.3105 0.7766
-5.0132 1.4716
-4.7145 2.1659
-4.4145 2.8597
-4.1131 3.5530
-3.8104 4.2456
-3.5064 4.9377
-3.2012 5.6294
-2.8948 6.3204
-2.5873 7.0111
-2.2787 7.7012
-1.9691 8.3909
-1.6584 9.0801
-1.3467 9.7690
-1.0341 10.4574
-0.7204 11.1453
-0.4057 11.8329
-0.0900 12.5200
0.2267 13.2066
0.5444 13.8929
0.8631 14.5787
1.1829 15.2640
1.5036 15.9489
1.8254 16.6334
2.1483 17.3175
2.4721 18.0011
2.7970 18.6842
3.1229 19.3669
3.4499 20.0492
3.7779 20.7310
4.1070 21.4124
4.4371 22.0933
4.7682 22.7738
5.1004 23.4538
5.4337 24.1334
5.7680 24.8125
6.1035 25.4911
6.4400 26.1693
6.7776 26.8470
7.1164 27.5242
7.4563 28.2009
7.7973 28.8772
8.1395 29.5529
8.4828 30.2282
8.8272 30.9029
9.1729 31.5772
9.5197 32.2509
9.8678 32.9242
10.2170 33.5969
10.5675 34.2691
10.9191 34.9408
11.2720 35.6119
11.6262 36.2825
11.9816 36.9526
12.3382 37.6222
12.6959 38.2913
13.0549 38.9598
13.4150 39.6279
13.7762 40.2955
14.1385 40.9626
14.5018 41.6293
14.8662 42.2955
15.2317 42.9612
15.5982 43.6266
15.9656 44.2915
16.3340 44.9560
16.7034 45.6201
17.0737 46.2838
17.4448 46.9471
17.8169 47.6101
18.1898 48.2726
18.5635 48.9349
18.9381 49.5967
19.3134 50.2582
19.6897 50.9194
20.0668 51.5802
20.4448 52.2405
20.8238 52.9005
21.2038 53.5601
21.5847 54.2192
21.9667 54.8779
22.3498 55.5361
22.7339 56.1939
23.1192 56.8511
23.5056 57.5079
23.8932 58.1642
24.2820 58.8199
24.6721 59.4752
25.0634 60.1298
25.4561 60.7840
25.8500 61.4375
26.2453 62.0905
26.6421 62.7428
27.0403 63.3946
27.4403 64.0455
27.8421 64.6957
28.2459 65.3451
28.6518 65.9935
29.0601 66.6409
29.4708 67.2873
29.8842 67.9325
30.3003 68.5765
30.7194 69.2193
31.1416 69.8607
31.5671 70.5008
31.9959 71.1394
32.4284 71.7765
32.8645 72.4119
33.3046 73.0457
33.7486 73.6778
34.1969 74.3081
34.6495 74.9365
