# Периферия РК | Диаметр: Dп = 802.3 мм | Линия: Средняя линия
# X, мм    Y, мм
-24.6133 -63.3222
-24.3716 -62.6034
-24.1294 -61.8848
-23.8866 -61.1665
-23.6432 -60.4484
-23.3992 -59.7305
-23.1547 -59.0129
-22.9096 -58.2956
-22.6639 -57.5785
-22.4177 -56.8616
-22.1709 -56.1450
-21.9235 -55.4286
-21.6756 -54.7124
-21.4271 -53.9965
-21.1780 -53.2809
-20.9283 -52.5655
-20.6781 -51.8503
-20.4273 -51.1354
-20.1760 -50.4207
-19.9240 -49.7063
-19.6715 -48.9921
-19.4185 -48.2782
-19.1648 -47.5645
-18.9106 -46.8510
-18.6559 -46.1378
-18.4005 -45.4248
-18.1446 -44.7121
-17.8881 -43.9996
-17.6311 -43.2874
-17.3735 -42.5754
-17.1153 -41.8636
-16.8565 -41.1521
-16.5972 -40.4409
-16.3373 -39.7299
-16.0769 -39.0191
-15.8159 -38.3085
-15.5543 -37.5982
-15.2921 -36.8882
-15.0294 -36.1784
-14.7661 -35.4688
-14.5023 -34.7595
-14.2378 -34.0504
-13.9729 -33.3416
-13.7073 -32.6330
-13.4412 -31.9247
-13.1745 -31.2166
-12.9072 -30.5087
-12.6394 -29.8011
-12.3710 -29.0937
-12.1021 -28.3866
-11.8325 -27.6797
-11.5624 -26.9730
-11.2918 -26.2666
-11.0206 -25.5605
-10.7488 -24.8546
-10.4764 -24.1489
-10.2035 -23.4435
-9.9300 -22.7383
-9.6560 -22.0333
-9.3813 -21.3286
-9.1062 -20.6242
-8.8304 -19.9199
-8.5541 -19.2160
-8.2772 -18.5122
-7.9997 -17.8087
-7.7217 -17.1055
-7.4432 -16.4025
-7.1640 -15.6997
-6.8843 -14.9972
-6.6040 -14.2949
-6.3232 -13.5929
-6.0418 -12.8911
-5.7598 -12.1895
-5.4772 -11.4882
-5.1941 -10.7872
-4.9105 -10.0863
-4.6262 -9.3858
-4.3414 -8.6854
-4.0561 -7.9853
-3.7701 -7.2855
-3.4836 -6.5858
-3.1966 -5.8865
-2.9089 -5.1873
-2.6207 -4.4885
-2.3320 -3.7898
-2.0426 -3.0914
-1.7528 -2.3933
-1.4623 -1.6953
-1.1713 -0.9977
-0.8797 -0.3002
-0.5875 0.3970
-0.2948 1.0939
-0.0015 1.7906
0.2923 2.4871
0.5867 3.1833
0.8817 3.8793
1.1772 4.5750
1.4733 5.2705
1.7700 5.9658
2.0673 6.6608
2.3651 7.3555
2.6634 8.0501
2.9624 8.7443
3.2619 9.4384
3.5619 10.1322
3.8625 10.8257
4.1637 11.5190
4.4655 12.2121
4.7678 12.9049
5.0707 13.5975
5.3742 14.2899
5.6782 14.9820
5.9828 15.6738
6.2879 16.3655
6.5936 17.0568
6.8999 17.7480
7.2068 18.4389
7.5142 19.1295
7.8222 19.8199
8.1307 20.5101
8.4398 21.2000
8.7495 21.8897
9.0597 22.5791
9.3705 23.2683
9.6819 23.9573
9.9938 24.6460
10.3063 25.3344
10.6194 26.0227
10.9330 26.7107
11.2472 27.3984
11.5620 28.0859
11.8773 28.7732
12.1932 29.4602
12.5096 30.1469
12.8267 30.8335
13.1443 31.5197
13.4624 32.2058
13.7811 32.8916
14.1004 33.5772
14.4203 34.2625
14.7407 34.9475
15.0617 35.6324
15.3832 36.3170
15.7054 37.0013
16.0280 37.6854
16.3513 38.3693
16.6751 39.0529
16.9995 39.7363
17.3244 40.4194
17.6500 41.1023
17.9760 41.7849
18.3027 42.4673
18.6299 43.1495
18.9577 43.8314
19.2860 44.5131
19.6150 45.1945
19.9444 45.8757
20.2745 46.5566
20.6051 47.2373
20.9363 47.9178
21.2680 48.5980
21.6004 49.2780
21.9332 49.9577
22.2667 50.6372
22.6007 51.3165
22.9353 51.9955
23.2705 52.6742
23.6062 53.3527
23.9425 54.0310
24.2793 54.7090
24.6168 55.3868
24.9547 56.0643
25.2933 56.7416
25.6324 57.4187
25.9721 58.0955
26.3124 58.7721
26.6532 59.4484
26.9946 60.1245
27.3366 60.8003
27.6792 61.4759
28.0223 62.1512
28.3659 62.8263
28.7102 63.5012
29.0550 64.1758
29.4004 64.8502
29.7463 65.5243
30.0929 66.1982
30.4400 66.8719
30.7876 67.5452
31.1358 68.2184
31.4846 68.8913
31.8340 69.5640
32.1840 70.2364
32.5345 70.9086
32.8855 71.5805
33.2372 72.2522
33.5894 72.9236
33.9422 73.5948
34.2956 74.2658
34.6495 74.9365
