# Периферия НА | Диаметр: Dп = 771.6 мм | Линия: Корыто
# X, мм    Y, мм
-16.0171 -46.4318
-15.0537 -46.2547
-14.3982 -45.9443
-13.9236 -45.5556
-13.5228 -45.1350
-13.1627 -44.6967
-12.8299 -44.2467
-12.5183 -43.7875
-12.2229 -43.3212
-11.9393 -42.8499
-11.6626 -42.3755
-11.3891 -41.8998
-11.1187 -41.4227
-10.8517 -40.9442
-10.5886 -40.4639
-10.3300 -39.9818
-10.0762 -39.4975
-9.8268 -39.0114
-9.5814 -38.5235
-9.3395 -38.0341
-9.1008 -37.5433
-8.8649 -37.0513
-8.6317 -36.5581
-8.4011 -36.0638
-8.1730 -35.5685
-7.9475 -35.0720
-7.7243 -34.5744
-7.5036 -34.0759
-7.2852 -33.5763
-7.0690 -33.0758
-6.8550 -32.5743
-6.6431 -32.0719
-6.4332 -31.5687
-6.2252 -31.0646
-6.0189 -30.5598
-5.8142 -30.0543
-5.6111 -29.5481
-5.4093 -29.0413
-5.2088 -28.5340
-5.0094 -28.0262
-4.8110 -27.5180
-4.6134 -27.0094
-4.4167 -26.5004
-4.2206 -25.9912
-4.0250 -25.4818
-3.8299 -24.9721
-3.6350 -24.4624
-3.4403 -23.9525
-3.2457 -23.4427
-3.0510 -22.9328
-2.8562 -22.4230
-2.6612 -21.9134
-2.4662 -21.4037
-2.2714 -20.8939
-2.0770 -20.3839
-1.8832 -19.8737
-1.6903 -19.3631
-1.4984 -18.8520
-1.3078 -18.3404
-1.1186 -17.8282
-0.9311 -17.3152
-0.7452 -16.8016
-0.5605 -16.2874
-0.3765 -15.7730
-0.1927 -15.2584
-0.0086 -14.7440
0.1763 -14.2299
0.3624 -13.7164
0.5502 -13.2036
0.7403 -12.6917
0.9331 -12.1811
1.1287 -11.6716
1.3268 -11.1633
1.5270 -10.6559
1.7289 -10.1492
1.9322 -9.6430
2.1364 -9.1373
2.3411 -8.6318
2.5460 -8.1264
2.7506 -7.6208
2.9546 -7.1150
3.1578 -6.6089
3.3601 -6.1024
3.5618 -5.5955
3.7627 -5.0884
3.9631 -4.5810
4.1629 -4.0734
4.3622 -3.5655
4.5610 -3.0575
4.7595 -2.5493
4.9576 -2.0410
5.1554 -1.5325
5.3531 -1.0239
5.5506 -0.5153
5.7480 -0.0066
5.9453 0.5020
6.1427 1.0107
6.3402 1.5193
6.5378 2.0279
6.7356 2.5364
6.9336 3.0448
7.1319 3.5531
7.3305 4.0612
7.5293 4.5693
7.7285 5.0772
7.9279 5.5850
8.1275 6.0927
8.3274 6.6002
8.5276 7.1077
8.7280 7.6151
8.9286 8.1223
9.1295 8.6295
9.3306 9.1365
9.5320 9.6435
9.7336 10.1503
9.9354 10.6571
10.1374 11.1637
10.3397 11.6703
10.5421 12.1768
10.7448 12.6832
10.9477 13.1895
11.1507 13.6957
11.3540 14.2018
11.5574 14.7078
11.7610 15.2138
11.9647 15.7198
12.1686 16.2256
12.3725 16.7315
12.5766 17.2372
12.7807 17.7430
12.9849 18.2487
13.1892 18.7544
13.3935 19.2601
13.5978 19.7657
13.8022 20.2714
14.0066 20.7770
14.2109 21.2827
14.4152 21.7883
14.6195 22.2940
14.8237 22.7997
15.0279 23.3055
15.2320 23.8112
15.4361 24.3170
15.6403 24.8227
15.8444 25.3285
16.0487 25.8342
16.2530 26.3398
16.4576 26.8454
16.6622 27.3509
16.8671 27.8563
17.0723 28.3616
17.2777 28.8668
17.4835 29.3719
17.6895 29.8768
17.8960 30.3815
18.1028 30.8861
18.3101 31.3905
18.5179 31.8947
18.7262 32.3986
18.9350 32.9023
19.1444 33.4058
19.3543 33.9091
19.5647 34.4121
19.7756 34.9149
19.9869 35.4176
20.1986 35.9200
20.4106 36.4224
20.6229 36.9246
20.8354 37.4267
21.0482 37.9287
21.2611 38.4307
21.4742 38.9325
21.6873 39.4344
21.9005 39.9362
22.1137 40.4381
22.3268 40.9399
22.5398 41.4418
22.7528 41.9437
22.9655 42.4458
23.1781 42.9479
23.3903 43.4501
23.6022 43.9525
23.8133 44.4552
24.0235 44.9583
24.2326 45.4619
24.4404 45.9661
24.6465 46.4710
24.8509 46.9767
25.0532 47.4832
25.2533 47.9907
25.4509 48.4993
25.6458 49.0090
25.8378 49.5200
26.0266 50.0324
26.2120 50.5462
26.3939 51.0616
26.5719 51.5787
26.7458 52.0975
26.9155 52.6181
27.0807 53.1407
