# Периферия НА | Диаметр: Dп = 776.7 мм | Линия: Спинка
# X, мм    Y, мм
-19.0610 -25.3276
-19.3170 -24.6170
-19.4125 -24.0534
-19.4132 -23.5766
-19.3745 -23.1357
-19.3137 -22.7152
-19.2376 -22.3086
-19.1495 -21.9131
-19.0517 -21.5264
-18.9468 -21.1462
-18.8372 -20.7703
-18.7249 -20.3969
-18.6098 -20.0260
-18.4919 -19.6578
-18.3707 -19.2924
-18.2462 -18.9302
-18.1182 -18.5712
-17.9867 -18.2153
-17.8521 -17.8623
-17.7145 -17.5121
-17.5742 -17.1643
-17.4313 -16.8188
-17.2860 -16.4757
-17.1382 -16.1347
-16.9880 -15.7960
-16.8354 -15.4595
-16.6804 -15.1251
-16.5232 -14.7928
-16.3636 -14.4627
-16.2018 -14.1346
-16.0378 -13.8085
-15.8716 -13.4844
-15.7032 -13.1623
-15.5329 -12.8420
-15.3605 -12.5236
-15.1862 -12.2069
-15.0101 -11.8919
-14.8321 -11.5786
-14.6525 -11.2668
-14.4711 -10.9566
-14.2882 -10.6478
-14.1037 -10.3405
-13.9178 -10.0345
-13.7305 -9.7297
-13.5418 -9.4262
-13.3518 -9.1239
-13.1606 -8.8227
-12.9682 -8.5226
-12.7747 -8.2235
-12.5802 -7.9254
-12.3847 -7.6281
-12.1882 -7.3318
-11.9906 -7.0364
-11.7919 -6.7421
-11.5919 -6.4489
-11.3905 -6.1571
-11.1876 -5.8666
-10.9830 -5.5776
-10.7768 -5.2902
-10.5688 -5.0044
-10.3588 -4.7204
-10.1469 -4.4381
-9.9334 -4.1573
-9.7184 -3.8779
-9.5023 -3.5995
-9.2852 -3.3220
-9.0675 -3.0451
-8.8494 -2.7685
-8.6311 -2.4921
-8.4129 -2.2157
-8.1950 -1.9389
-7.9776 -1.6617
-7.7604 -1.3843
-7.5432 -1.1069
-7.3259 -0.8296
-7.1081 -0.5527
-6.8898 -0.2763
-6.6708 -0.0006
-6.4507 0.2742
-6.2295 0.5479
-6.0069 0.8203
-5.7828 1.0914
-5.5572 1.3611
-5.3302 1.6296
-5.1018 1.8967
-4.8720 2.1626
-4.6409 2.4272
-4.4084 2.6907
-4.1747 2.9530
-3.9397 3.2141
-3.7035 3.4741
-3.4661 3.7330
-3.2276 3.9909
-2.9879 4.2477
-2.7471 4.5035
-2.5052 4.7583
-2.2623 5.0122
-2.0184 5.2651
-1.7735 5.5172
-1.5277 5.7683
-1.2809 6.0186
-1.0332 6.2681
-0.7846 6.5168
-0.5351 6.7646
-0.2847 7.0116
-0.0333 7.2578
0.2189 7.5031
0.4721 7.7475
0.7262 7.9911
0.9812 8.2339
1.2372 8.4758
1.4941 8.7169
1.7519 8.9571
2.0107 9.1965
2.2703 9.4350
2.5310 9.6726
2.7925 9.9094
3.0550 10.1454
3.3185 10.3804
3.5829 10.6146
3.8482 10.8479
4.1145 11.0804
4.3818 11.3120
4.6500 11.5427
4.9192 11.7725
5.1894 12.0013
5.4606 12.2293
5.7328 12.4564
6.0060 12.6825
6.2802 12.9078
6.5554 13.1321
6.8317 13.3554
7.1089 13.5778
7.3873 13.7992
7.6667 14.0197
7.9471 14.2392
8.2286 14.4577
8.5112 14.6753
8.7949 14.8918
9.0797 15.1074
9.3655 15.3219
9.6525 15.5355
9.9405 15.7480
10.2296 15.9596
10.5197 16.1703
10.8108 16.3800
11.1030 16.5888
11.3961 16.7967
11.6903 17.0037
11.9853 17.2098
12.2814 17.4150
12.5783 17.6194
12.8762 17.8230
13.1749 18.0257
13.4745 18.2277
13.7750 18.4288
14.0764 18.6292
14.3785 18.8288
14.6815 19.0277
14.9853 19.2259
15.2899 19.4233
15.5952 19.6200
15.9014 19.8159
16.2085 20.0111
16.5163 20.2055
16.8251 20.3991
17.1348 20.5918
17.4454 20.7837
17.7570 20.9747
18.0696 21.1648
18.3831 21.3540
18.6977 21.5423
19.0133 21.7296
19.3300 21.9159
19.6478 22.1013
19.9667 22.2856
20.2867 22.4688
20.6079 22.6511
20.9302 22.8322
21.2538 23.0122
21.5786 23.1911
21.9048 23.3688
22.2324 23.5451
22.5615 23.7200
22.8924 23.8934
23.2250 24.0651
23.5596 24.2351
23.8963 24.4031
24.2350 24.5692
24.5761 24.7333
24.9195 24.8951
25.2655 25.0546
25.6141 25.2118
25.9654 25.3664
26.3196 25.5184
26.6768 25.6677
27.0371 25.8141
27.4006 25.9576
27.7674 26.0980
28.1377 26.2353
