# Периферия НА | Диаметр: Dп = 776.7 мм | Линия: Средняя линия
# X, мм    Y, мм
-19.0610 -25.3276
-18.8833 -25.0140
-18.7050 -24.7010
-18.5260 -24.3886
-18.3465 -24.0768
-18.1662 -23.7655
-17.9854 -23.4549
-17.8039 -23.1447
-17.6218 -22.8352
-17.4391 -22.5263
-17.2558 -22.2179
-17.0718 -21.9100
-16.8872 -21.6028
-16.7020 -21.2961
-16.5162 -20.9900
-16.3297 -20.6845
-16.1427 -20.3795
-15.9550 -20.0751
-15.7667 -19.7712
-15.5778 -19.4679
-15.3882 -19.1652
-15.1981 -18.8631
-15.0073 -18.5615
-14.8159 -18.2604
-14.6239 -17.9600
-14.4313 -17.6601
-14.2381 -17.3607
-14.0443 -17.0619
-13.8498 -16.7637
-13.6548 -16.4660
-13.4591 -16.1689
-13.2628 -15.8723
-13.0660 -15.5763
-12.8685 -15.2809
-12.6704 -14.9860
-12.4717 -14.6917
-12.2724 -14.3979
-12.0725 -14.1046
-11.8720 -13.8120
-11.6709 -13.5198
-11.4692 -13.2283
-11.2669 -12.9372
-11.0640 -12.6468
-10.8604 -12.3568
-10.6563 -12.0675
-10.4516 -11.7786
-10.2463 -11.4904
-10.0404 -11.2026
-9.8339 -10.9154
-9.6268 -10.6288
-9.4191 -10.3427
-9.2108 -10.0572
-9.0019 -9.7722
-8.7924 -9.4877
-8.5823 -9.2038
-8.3716 -8.9205
-8.1603 -8.6376
-7.9484 -8.3554
-7.7360 -8.0736
-7.5229 -7.7925
-7.3092 -7.5118
-7.0950 -7.2317
-6.8802 -6.9522
-6.6647 -6.6731
-6.4487 -6.3947
-6.2321 -6.1167
-6.0149 -5.8393
-5.7971 -5.5625
-5.5787 -5.2862
-5.3597 -5.0104
-5.1401 -4.7352
-4.9200 -4.4605
-4.6992 -4.1863
-4.4779 -3.9127
-4.2560 -3.6397
-4.0335 -3.3671
-3.8104 -3.0951
-3.5867 -2.8237
-3.3624 -2.5527
-3.1375 -2.2824
-2.9121 -2.0125
-2.6860 -1.7432
-2.4594 -1.4745
-2.2322 -1.2062
-2.0044 -0.9385
-1.7760 -0.6714
-1.5470 -0.4048
-1.3175 -0.1387
-1.0873 0.1269
-0.8566 0.3919
-0.6253 0.6564
-0.3933 0.9203
-0.1609 1.1837
0.0722 1.4466
0.3059 1.7089
0.5401 1.9707
0.7750 2.2319
1.0104 2.4926
1.2464 2.7528
1.4830 3.0125
1.7202 3.2716
1.9579 3.5302
2.1963 3.7882
2.4352 4.0457
2.6748 4.3027
2.9149 4.5591
3.1556 4.8150
3.3968 5.0703
3.6387 5.3252
3.8812 5.5794
4.1242 5.8332
4.3678 6.0864
4.6120 6.3391
4.8568 6.5912
5.1022 6.8428
5.3482 7.0939
5.5947 7.3444
5.8419 7.5944
6.0896 7.8439
6.3379 8.0928
6.5868 8.3411
6.8363 8.5890
7.0864 8.8363
7.3371 9.0830
7.5883 9.3293
7.8402 9.5750
8.0926 9.8201
8.3456 10.0647
8.5992 10.3088
8.8534 10.5523
9.1082 10.7953
9.3636 11.0377
9.6196 11.2797
9.8761 11.5210
10.1333 11.7619
10.3910 12.0021
10.6494 12.2419
10.9083 12.4811
11.1678 12.7198
11.4279 12.9579
11.6886 13.1955
11.9499 13.4325
12.2118 13.6690
12.4743 13.9049
12.7374 14.1403
13.0010 14.3752
13.2653 14.6095
13.5302 14.8433
13.7956 15.0765
14.0617 15.3092
14.3283 15.5413
14.5956 15.7729
14.8634 16.0039
15.1319 16.2344
15.4009 16.4644
15.6706 16.6938
15.9408 16.9226
16.2116 17.1509
16.4831 17.3786
16.7551 17.6058
17.0278 17.8325
17.3010 18.0586
17.5749 18.2841
17.8493 18.5091
18.1244 18.7335
18.4001 18.9574
18.6763 19.1807
18.9532 19.4035
19.2307 19.6257
19.5088 19.8474
19.7875 20.0685
20.0668 20.2890
20.3467 20.5090
20.6273 20.7285
20.9084 20.9473
21.1901 21.1656
21.4725 21.3834
21.7555 21.6006
22.0391 21.8172
22.3233 22.0333
22.6081 22.2488
22.8935 22.4637
23.1796 22.6781
23.4662 22.8919
23.7535 23.1051
24.0414 23.3178
24.3300 23.5299
24.6191 23.7415
24.9089 23.9524
25.1993 24.1628
25.4903 24.3727
25.7819 24.5819
26.0742 24.7906
26.3671 24.9987
26.6606 25.2063
26.9548 25.4132
27.2495 25.6196
27.5449 25.8254
27.8410 26.0306
28.1377 26.2353
