# Втулка НА | Диаметр: Dвт = 443.7 мм | Линия: Корыто
# X, мм    Y, мм
-59.9268 -33.3868
-59.0887 -33.4621
-58.3329 -33.3224
-57.6251 -33.0570
-56.9364 -32.7417
-56.2578 -32.3998
-55.5859 -32.0407
-54.9188 -31.6687
-54.2554 -31.2873
-53.5943 -30.8997
-52.9343 -30.5092
-52.2744 -30.1184
-51.6146 -29.7276
-50.9549 -29.3363
-50.2956 -28.9442
-49.6366 -28.5510
-48.9782 -28.1565
-48.3202 -27.7608
-47.6626 -27.3642
-47.0051 -26.9671
-46.3477 -26.5698
-45.6904 -26.1724
-45.0330 -25.7751
-44.3756 -25.3779
-43.7182 -24.9808
-43.0606 -24.5839
-42.4030 -24.1872
-41.7454 -23.7908
-41.0876 -23.3946
-40.4296 -22.9987
-39.7716 -22.6032
-39.1134 -22.2081
-38.4550 -21.8134
-37.7964 -21.4194
-37.1375 -21.0259
-36.4784 -20.6332
-35.8190 -20.2413
-35.1592 -19.8503
-34.4990 -19.4603
-33.8385 -19.0713
-33.1775 -18.6835
-32.5160 -18.2969
-31.8541 -17.9116
-31.1916 -17.5276
-30.5286 -17.1451
-29.8650 -16.7641
-29.2007 -16.3848
-28.5358 -16.0071
-27.8703 -15.6312
-27.2040 -15.2571
-26.5371 -14.8850
-25.8693 -14.5148
-25.2009 -14.1463
-24.5319 -13.7795
-23.8623 -13.4142
-23.1922 -13.0503
-22.5216 -12.6875
-21.8506 -12.3258
-21.1793 -11.9650
-20.5077 -11.6049
-19.8359 -11.2454
-19.1638 -10.8865
-18.4914 -10.5286
-17.8185 -10.1719
-17.1450 -9.8168
-16.4707 -9.4637
-15.7956 -9.1129
-15.1194 -8.7647
-14.4421 -8.4195
-13.7636 -8.0776
-13.0837 -7.7393
-12.4023 -7.4048
-11.7196 -7.0738
-11.0356 -6.7460
-10.3506 -6.4212
-9.6645 -6.0990
-8.9775 -5.7792
-8.2897 -5.4615
-7.6012 -5.1456
-6.9121 -4.8313
-6.2225 -4.5183
-5.5325 -4.2064
-4.8420 -3.8956
-4.1511 -3.5861
-3.4597 -3.2778
-2.7678 -2.9708
-2.0754 -2.6651
-1.3825 -2.3607
-0.6891 -2.0578
0.0049 -1.7563
0.6995 -1.4563
1.3946 -1.1578
2.0904 -0.8608
2.7867 -0.5655
3.4837 -0.2718
4.1813 0.0202
4.8796 0.3105
5.5786 0.5990
6.2782 0.8858
6.9786 1.1707
7.6796 1.4537
8.3814 1.7347
9.0839 2.0139
9.7872 2.2912
10.4912 2.5666
11.1959 2.8401
11.9013 3.1118
12.6074 3.3815
13.3143 3.6493
14.0219 3.9153
14.7302 4.1793
15.4392 4.4415
16.1489 4.7018
16.8594 4.9603
17.5706 5.2168
18.2825 5.4715
18.9951 5.7243
19.7084 5.9753
20.4224 6.2243
21.1372 6.4715
21.8527 6.7169
22.5688 6.9604
23.2857 7.2020
24.0033 7.4418
24.7216 7.6797
25.4406 7.9158
26.1603 8.1501
26.8806 8.3826
27.6017 8.6133
28.3235 8.8422
29.0459 9.0693
29.7690 9.2946
30.4928 9.5181
31.2173 9.7399
31.9424 9.9599
32.6683 10.1782
33.3947 10.3947
34.1219 10.6095
34.8497 10.8225
35.5782 11.0338
36.3073 11.2434
37.0371 11.4513
37.7675 11.6574
38.4987 11.8617
39.2305 12.0643
39.9631 12.2649
40.6963 12.4637
41.4303 12.6607
42.1650 12.8557
42.9004 13.0487
43.6367 13.2398
44.3736 13.4289
45.1114 13.6160
45.8499 13.8010
46.5892 13.9839
47.3293 14.1648
48.0703 14.3435
48.8120 14.5200
49.5546 14.6944
50.2981 14.8665
51.0424 15.0364
51.7875 15.2041
52.5335 15.3695
53.2804 15.5328
54.0280 15.6940
54.7765 15.8530
55.5258 16.0099
56.2758 16.1647
57.0267 16.3174
57.7783 16.4682
58.5307 16.6169
59.2839 16.7636
60.0378 16.9084
60.7925 17.0512
61.5479 17.1921
62.3040 17.3311
63.0608 17.4683
63.8183 17.6035
64.5766 17.7370
65.3355 17.8687
66.0951 17.9986
66.8553 18.1269
67.6161 18.2537
68.3774 18.3791
69.1391 18.5034
69.9013 18.6266
70.6638 18.7489
71.4265 18.8705
72.1895 18.9916
72.9527 19.1122
73.7159 19.2325
74.4792 19.3526
75.2425 19.4728
76.0058 19.5932
76.7689 19.7139
77.5318 19.8350
78.2945 19.9568
79.0570 20.0793
79.8190 20.2028
80.5807 20.3273
