# Втулка НА | Диаметр: Dвт = 443.7 мм | Линия: Спинка
# X, мм    Y, мм
-59.9268 -33.3868
-59.5405 -32.2803
-59.0700 -31.3943
-58.5493 -30.6396
-58.0074 -29.9402
-57.4532 -29.2730
-56.8903 -28.6285
-56.3205 -28.0022
-55.7449 -27.3909
-55.1649 -26.7912
-54.5818 -26.1997
-53.9964 -25.6139
-53.4090 -25.0336
-52.8194 -24.4590
-52.2275 -23.8906
-51.6331 -23.3286
-51.0361 -22.7733
-50.4367 -22.2244
-49.8349 -21.6816
-49.2310 -21.1446
-48.6249 -20.6131
-48.0168 -20.0869
-47.4068 -19.5658
-46.7948 -19.0498
-46.1808 -18.5389
-45.5650 -18.0329
-44.9473 -17.5319
-44.3277 -17.0358
-43.7062 -16.5446
-43.0829 -16.0581
-42.4578 -15.5764
-41.8309 -15.0994
-41.2023 -14.6269
-40.5719 -14.1590
-39.9399 -13.6955
-39.3061 -13.2363
-38.6708 -12.7813
-38.0339 -12.3305
-37.3955 -11.8837
-36.7555 -11.4408
-36.1141 -11.0018
-35.4712 -10.5665
-34.8270 -10.1349
-34.1814 -9.7069
-33.5344 -9.2824
-32.8861 -8.8613
-32.2366 -8.4435
-31.5858 -8.0289
-30.9338 -7.6175
-30.2807 -7.2092
-29.6264 -6.8038
-28.9710 -6.4013
-28.3144 -6.0020
-27.6566 -5.6059
-26.9975 -5.2132
-26.3370 -4.8239
-25.6751 -4.4383
-25.0118 -4.0566
-24.3470 -3.6787
-23.6807 -3.3050
-23.0127 -2.9354
-22.3431 -2.5701
-21.6720 -2.2086
-20.9996 -1.8507
-20.3260 -1.4959
-19.6512 -1.1440
-18.9756 -0.7946
-18.2991 -0.4473
-17.6219 -0.1018
-16.9442 0.2422
-16.2660 0.5852
-15.5874 0.9271
-14.9084 1.2677
-14.2288 1.6069
-13.5485 1.9442
-12.8674 2.2794
-12.1854 2.6123
-11.5024 2.9426
-10.8183 3.2700
-10.1330 3.5942
-9.4464 3.9150
-8.7584 4.2322
-8.0690 4.5458
-7.3783 4.8559
-6.6863 5.1626
-5.9930 5.4658
-5.2983 5.7656
-4.6024 6.0621
-3.9053 6.3553
-3.2069 6.6453
-2.5072 6.9320
-1.8064 7.2155
-1.1043 7.4960
-0.4011 7.7733
0.3033 8.0476
1.0089 8.3188
1.7156 8.5871
2.4234 8.8525
3.1323 9.1150
3.8423 9.3746
4.5533 9.6315
5.2655 9.8855
5.9787 10.1368
6.6929 10.3853
7.4083 10.6310
8.1247 10.8739
8.8421 11.1140
9.5607 11.3513
10.2803 11.5858
11.0010 11.8174
11.7227 12.0463
12.4456 12.2724
13.1695 12.4956
13.8945 12.7160
14.6206 12.9336
15.3477 13.1483
16.0760 13.3602
16.8053 13.5693
17.5357 13.7756
18.2672 13.9789
18.9998 14.1795
19.7335 14.3772
20.4683 14.5720
21.2042 14.7639
21.9411 14.9529
22.6792 15.1390
23.4185 15.3222
24.1588 15.5025
24.9003 15.6798
25.6429 15.8542
26.3866 16.0256
27.1315 16.1941
27.8775 16.3595
28.6246 16.5219
29.3729 16.6813
30.1224 16.8377
30.8730 16.9911
31.6248 17.1414
32.3778 17.2886
33.1320 17.4327
33.8873 17.5738
34.6438 17.7117
35.4015 17.8466
36.1603 17.9785
36.9203 18.1073
37.6815 18.2331
38.4438 18.3560
39.2072 18.4758
39.9718 18.5927
40.7375 18.7067
41.5043 18.8178
42.2722 18.9259
43.0412 19.0312
43.8113 19.1337
44.5825 19.2332
45.3547 19.3300
46.1281 19.4240
46.9025 19.5151
47.6779 19.6036
48.4544 19.6892
49.2320 19.7721
50.0106 19.8523
50.7903 19.9297
51.5710 20.0042
52.3529 20.0759
53.1358 20.1447
53.9199 20.2105
54.7051 20.2734
55.4915 20.3332
56.2790 20.3901
57.0678 20.4438
57.8577 20.4944
58.6488 20.5419
59.4411 20.5862
60.2346 20.6273
61.0294 20.6651
61.8255 20.6996
62.6228 20.7308
63.4215 20.7586
64.2214 20.7830
65.0226 20.8039
65.8253 20.8212
66.6293 20.8348
67.4349 20.8444
68.2420 20.8500
69.0508 20.8512
69.8613 20.8481
70.6735 20.8403
71.4875 20.8278
72.3035 20.8103
73.1214 20.7878
73.9412 20.7599
74.7632 20.7267
75.5873 20.6878
76.4137 20.6431
77.2423 20.5925
78.0732 20.5358
78.9065 20.4728
79.7423 20.4034
80.5807 20.3273
