# Втулка НА | Диаметр: Dвт = 443.7 мм | Линия: Средняя линия
# X, мм    Y, мм
-59.9268 -33.3868
-59.3146 -32.8712
-58.7014 -32.3584
-58.0872 -31.8483
-57.4719 -31.3410
-56.8555 -30.8364
-56.2381 -30.3346
-55.6196 -29.8355
-55.0001 -29.3391
-54.3796 -28.8454
-53.7580 -28.3545
-53.1354 -27.8662
-52.5118 -27.3806
-51.8872 -26.8977
-51.2615 -26.4174
-50.6348 -25.9398
-50.0072 -25.4649
-49.3785 -24.9926
-48.7487 -24.5229
-48.1180 -24.0559
-47.4863 -23.5915
-46.8536 -23.1297
-46.2199 -22.6705
-45.5852 -22.2139
-44.9495 -21.7598
-44.3128 -21.3084
-43.6752 -20.8596
-43.0365 -20.4133
-42.3969 -19.9696
-41.7563 -19.5284
-41.1147 -19.0898
-40.4722 -18.6537
-39.8286 -18.2202
-39.1841 -17.7892
-38.5387 -17.3607
-37.8923 -16.9348
-37.2449 -16.5113
-36.5965 -16.0904
-35.9473 -15.6720
-35.2970 -15.2561
-34.6458 -14.8426
-33.9936 -14.4317
-33.3405 -14.0232
-32.6865 -13.6173
-32.0315 -13.2137
-31.3755 -12.8127
-30.7187 -12.4141
-30.0608 -12.0180
-29.4021 -11.6244
-28.7424 -11.2331
-28.0817 -10.8444
-27.4202 -10.4581
-26.7577 -10.0742
-26.0942 -9.6927
-25.4299 -9.3137
-24.7646 -8.9371
-24.0984 -8.5629
-23.4312 -8.1912
-22.7632 -7.8218
-22.0942 -7.4549
-21.4243 -7.0904
-20.7534 -6.7283
-20.0817 -6.3686
-19.4090 -6.0113
-18.7355 -5.6564
-18.0610 -5.3039
-17.3856 -4.9537
-16.7092 -4.6060
-16.0320 -4.2606
-15.3539 -3.9177
-14.6748 -3.5771
-13.9949 -3.2389
-13.3140 -2.9030
-12.6322 -2.5696
-11.9495 -2.2385
-11.2659 -1.9098
-10.5815 -1.5834
-9.8961 -1.2594
-9.2098 -0.9378
-8.5225 -0.6185
-7.8344 -0.3016
-7.1454 0.0129
-6.4555 0.3251
-5.7647 0.6349
-5.0730 0.9424
-4.3804 1.2475
-3.6869 1.5503
-2.9925 1.8507
-2.2972 2.1488
-1.6010 2.4445
-0.9039 2.7379
-0.2059 3.0289
0.4930 3.3176
1.1928 3.6039
1.8935 3.8879
2.5951 4.1695
3.2976 4.4488
4.0010 4.7258
4.7052 5.0004
5.4104 5.2727
6.1165 5.5426
6.8234 5.8101
7.5313 6.0754
8.2401 6.3383
8.9497 6.5988
9.6603 6.8570
10.3717 7.1129
11.0841 7.3664
11.7973 7.6175
12.5114 7.8663
13.2265 8.1128
13.9424 8.3569
14.6592 8.5987
15.3769 8.8381
16.0956 9.0752
16.8151 9.3099
17.5355 9.5423
18.2568 9.7723
18.9791 9.9999
19.7022 10.2252
20.4262 10.4482
21.1512 10.6688
21.8770 10.8870
22.6037 11.1028
23.3314 11.3163
24.0599 11.5274
24.7894 11.7362
25.5197 11.9426
26.2510 12.1466
26.9832 12.3482
27.7162 12.5474
28.4502 12.7443
29.1851 12.9388
29.9210 13.1309
30.6577 13.3206
31.3953 13.5079
32.1339 13.6929
32.8734 13.8754
33.6138 14.0555
34.3551 14.2333
35.0973 14.4086
35.8404 14.5815
36.5845 14.7520
37.3295 14.9201
38.0754 15.0858
38.8223 15.2490
39.5701 15.4099
40.3188 15.5682
41.0684 15.7242
41.8190 15.8777
42.5705 16.0288
43.3229 16.1774
44.0763 16.3236
44.8306 16.4673
45.5858 16.6086
46.3420 16.7474
47.0992 16.8837
47.8572 17.0176
48.6163 17.1490
49.3763 17.2779
50.1372 17.4043
50.8991 17.5282
51.6619 17.6496
52.4257 17.7685
53.1905 17.8849
53.9562 17.9988
54.7228 18.1102
55.4905 18.2190
56.2591 18.3253
57.0287 18.4291
57.7992 18.5303
58.5708 18.6290
59.3433 18.7251
60.1168 18.8187
60.8912 18.9097
61.6667 18.9981
62.4431 19.0839
63.2206 19.1672
63.9990 19.2478
64.7784 19.3258
65.5589 19.4013
66.3403 19.4741
67.1227 19.5442
67.9061 19.6118
68.6906 19.6767
69.4760 19.7389
70.2625 19.7985
71.0500 19.8554
71.8385 19.9097
72.6281 19.9612
73.4186 20.0101
74.2102 20.0563
75.0029 20.0997
75.7966 20.1405
76.5913 20.1785
77.3871 20.2138
78.1839 20.2463
78.9817 20.2761
79.7807 20.3031
80.5807 20.3273
