# Втулка РК | Диаметр: Dвт = 401.1 мм | Линия: Корыто
# X, мм    Y, мм
-46.6505 -21.7567
-45.8938 -22.3103
-45.2364 -22.5308
-44.6372 -22.5560
-44.0616 -22.5023
-43.4989 -22.4056
-42.9446 -22.2803
-42.3969 -22.1333
-41.8541 -21.9696
-41.3147 -21.7944
-40.7773 -21.6128
-40.2406 -21.4287
-39.7045 -21.2426
-39.1692 -21.0537
-38.6349 -20.8616
-38.1017 -20.6658
-37.5697 -20.4659
-37.0389 -20.2623
-36.5090 -20.0554
-35.9799 -19.8457
-35.4515 -19.6337
-34.9238 -19.4197
-34.3966 -19.2038
-33.8699 -18.9861
-33.3437 -18.7667
-32.8181 -18.5456
-32.2929 -18.3229
-31.7682 -18.0986
-31.2439 -17.8728
-30.7201 -17.6456
-30.1966 -17.4171
-29.6736 -17.1872
-29.1509 -16.9562
-28.6285 -16.7242
-28.1064 -16.4912
-27.5845 -16.2575
-27.0628 -16.0232
-26.5412 -15.7883
-26.0198 -15.5530
-25.4984 -15.3175
-24.9771 -15.0819
-24.4558 -14.8463
-23.9344 -14.6108
-23.4130 -14.3755
-22.8914 -14.1407
-22.3697 -13.9063
-21.8479 -13.6726
-21.3257 -13.4396
-20.8034 -13.2075
-20.2807 -12.9763
-19.7577 -12.7463
-19.2344 -12.5175
-18.7108 -12.2895
-18.1869 -12.0623
-17.6630 -11.8355
-17.1389 -11.6090
-16.6149 -11.3824
-16.0909 -11.1557
-15.5671 -10.9285
-15.0434 -10.7007
-14.5201 -10.4719
-13.9969 -10.2423
-13.4739 -10.0123
-12.9509 -9.7825
-12.4276 -9.5533
-11.9040 -9.3254
-11.3799 -9.0992
-10.8551 -8.8752
-10.3295 -8.6540
-9.8028 -8.4361
-9.2751 -8.2220
-8.7461 -8.0120
-8.2161 -7.8055
-7.6852 -7.6022
-7.1534 -7.4016
-6.6209 -7.2033
-6.0879 -7.0069
-5.5544 -6.8120
-5.0206 -6.6182
-4.4867 -6.4249
-3.9527 -6.2318
-3.4186 -6.0387
-2.8846 -5.8457
-2.3506 -5.6526
-1.8165 -5.4598
-1.2824 -5.2671
-0.7482 -5.0747
-0.2138 -4.8826
0.3206 -4.6909
0.8551 -4.4997
1.3899 -4.3089
1.9247 -4.1188
2.4598 -3.9292
2.9951 -3.7404
3.5306 -3.5523
4.0664 -3.3651
4.6024 -3.1787
5.1387 -2.9933
5.6753 -2.8089
6.2122 -2.6255
6.7495 -2.4433
7.2871 -2.2623
7.8250 -2.0824
8.3633 -1.9037
8.9020 -1.7262
9.4410 -1.5498
9.9803 -1.3745
10.5200 -1.2004
11.0600 -1.0274
11.6004 -0.8556
12.1410 -0.6848
12.6821 -0.5153
13.2234 -0.3468
13.7651 -0.1794
14.3071 -0.0132
14.8495 0.1519
15.3922 0.3159
15.9352 0.4788
16.4786 0.6406
17.0222 0.8013
17.5662 0.9609
18.1106 1.1194
18.6552 1.2769
19.2002 1.4332
19.7455 1.5886
20.2910 1.7429
20.8369 1.8961
21.3831 2.0484
21.9296 2.1997
22.4764 2.3500
23.0235 2.4993
23.5708 2.6477
24.1184 2.7952
24.6663 2.9417
25.2145 3.0873
25.7630 3.2320
26.3117 3.3759
26.8606 3.5188
27.4099 3.6609
27.9593 3.8022
28.5091 3.9426
29.0590 4.0822
29.6093 4.2208
30.1598 4.3585
30.7106 4.4953
31.2618 4.6311
31.8132 4.7658
32.3649 4.8994
32.9170 5.0319
33.4695 5.1632
34.0223 5.2934
34.5754 5.4223
35.1290 5.5499
35.6829 5.6762
36.2372 5.8012
36.7920 5.9248
37.3472 6.0469
37.9028 6.1676
38.4588 6.2868
39.0154 6.4044
39.5723 6.5205
40.1298 6.6350
40.6877 6.7480
41.2461 6.8595
41.8049 6.9695
42.3640 7.0782
42.9236 7.1855
43.4836 7.2916
44.0440 7.3963
44.6047 7.4998
45.1658 7.6022
45.7273 7.7034
46.2890 7.8034
46.8511 7.9025
47.4135 8.0005
47.9761 8.0975
48.5391 8.1936
49.1023 8.2887
49.6658 8.3831
50.2295 8.4765
50.7935 8.5693
51.3576 8.6615
51.9218 8.7533
52.4861 8.8451
53.0503 8.9370
53.6143 9.0293
54.1782 9.1222
54.7419 9.2160
55.3052 9.3109
55.8681 9.4072
56.4305 9.5050
56.9924 9.6046
57.5537 9.7063
58.1143 9.8103
58.6741 9.9168
59.2331 10.0261
59.7913 10.1383
60.3484 10.2539
60.9045 10.3728
61.4596 10.4955
