# Втулка РК | Диаметр: Dвт = 401.1 мм | Линия: Спинка
# X, мм    Y, мм
-46.6505 -21.7567
-46.4363 -20.4916
-46.1215 -19.5639
-45.7470 -18.8359
-45.3478 -18.1912
-44.9343 -17.5939
-44.5111 -17.0295
-44.0801 -16.4911
-43.6428 -15.9737
-43.2008 -15.4721
-42.7557 -14.9812
-42.3085 -14.4970
-41.8594 -14.0192
-41.4083 -13.5483
-40.9549 -13.0848
-40.4992 -12.6293
-40.0410 -12.1820
-39.5805 -11.7427
-39.1177 -11.3107
-38.6529 -10.8858
-38.1861 -10.4673
-37.7175 -10.0549
-37.2471 -9.6486
-36.7750 -9.2481
-36.3011 -8.8534
-35.8255 -8.4645
-35.3482 -8.0813
-34.8693 -7.7037
-34.3886 -7.3317
-33.9064 -6.9651
-33.4225 -6.6039
-32.9371 -6.2480
-32.4501 -5.8973
-31.9616 -5.5516
-31.4717 -5.2108
-30.9803 -4.8747
-30.4876 -4.5433
-29.9935 -4.2163
-29.4981 -3.8937
-29.0015 -3.5752
-28.5037 -3.2608
-28.0047 -2.9503
-27.5046 -2.6436
-27.0034 -2.3406
-26.5011 -2.0411
-25.9978 -1.7449
-25.4936 -1.4521
-24.9884 -1.1623
-24.4823 -0.8756
-23.9754 -0.5917
-23.4677 -0.3106
-22.9591 -0.0321
-22.4497 0.2434
-21.9393 0.5158
-21.4280 0.7848
-20.9155 1.0502
-20.4020 1.3119
-19.8872 1.5695
-19.3712 1.8228
-18.8538 2.0717
-18.3350 2.3159
-17.8149 2.5555
-17.2935 2.7909
-16.7710 3.0227
-16.2476 3.2514
-15.7235 3.4775
-15.1987 3.7016
-14.6735 3.9241
-14.1480 4.1457
-13.6223 4.3669
-13.0967 4.5881
-12.5712 4.8096
-12.0456 5.0309
-11.5198 5.2517
-10.9938 5.4715
-10.4673 5.6898
-9.9403 5.9064
-9.4126 6.1206
-8.8841 6.3322
-8.3547 6.5407
-7.8242 6.7457
-7.2926 6.9469
-6.7599 7.1444
-6.2262 7.3383
-5.6913 7.5287
-5.1554 7.7155
-4.6185 7.8989
-4.0806 8.0789
-3.5417 8.2556
-3.0019 8.4291
-2.4610 8.5994
-1.9193 8.7665
-1.3766 8.9306
-0.8331 9.0918
-0.2887 9.2499
0.2566 9.4053
0.8027 9.5578
1.3497 9.7076
1.8974 9.8547
2.4459 9.9992
2.9952 10.1411
3.5452 10.2806
4.0960 10.4175
4.6475 10.5518
5.1998 10.6837
5.7528 10.8130
6.3066 10.9397
6.8612 11.0639
7.4165 11.1856
7.9726 11.3047
8.5295 11.4213
9.0871 11.5352
9.6454 11.6467
10.2046 11.7555
10.7645 11.8617
11.3252 11.9654
11.8867 12.0665
12.4489 12.1650
13.0119 12.2608
13.5757 12.3541
14.1403 12.4448
14.7056 12.5328
15.2718 12.6182
15.8387 12.7009
16.4065 12.7810
16.9750 12.8583
17.5443 12.9330
18.1145 13.0049
18.6855 13.0741
19.2573 13.1405
19.8299 13.2042
20.4034 13.2650
20.9777 13.3231
21.5528 13.3783
22.1288 13.4306
22.7057 13.4801
23.2834 13.5268
23.8619 13.5705
24.4414 13.6113
25.0217 13.6491
25.6029 13.6841
26.1850 13.7160
26.7679 13.7451
27.3517 13.7713
27.9364 13.7947
28.5219 13.8152
29.1082 13.8330
29.6953 13.8481
30.2833 13.8604
30.8720 13.8700
31.4615 13.8770
32.0518 13.8814
32.6429 13.8832
33.2348 13.8824
33.8274 13.8791
34.4207 13.8733
35.0148 13.8651
35.6096 13.8544
36.2051 13.8413
36.8013 13.8259
37.3983 13.8081
37.9959 13.7879
38.5943 13.7653
39.1933 13.7403
39.7932 13.7127
40.3938 13.6825
40.9952 13.6497
41.5974 13.6142
42.2004 13.5760
42.8043 13.5351
43.4089 13.4913
44.0145 13.4446
44.6209 13.3950
45.2282 13.3423
45.8364 13.2867
46.4456 13.2280
47.0556 13.1661
47.6667 13.1011
48.2787 13.0328
48.8916 12.9612
49.5056 12.8862
50.1207 12.8077
50.7369 12.7253
51.3543 12.6388
51.9730 12.5481
52.5930 12.4527
53.2145 12.3525
53.8376 12.2472
54.4622 12.1366
55.0885 12.0204
55.7165 11.8984
56.3463 11.7702
56.9781 11.6357
57.6118 11.4947
58.2475 11.3467
58.8854 11.1917
59.5255 11.0293
60.1678 10.8593
60.8125 10.6815
61.4596 10.4955
