# Втулка РК | Диаметр: Dвт = 401.1 мм | Линия: Средняя линия
# X, мм    Y, мм
-46.6505 -21.7567
-46.1651 -21.4009
-45.6789 -21.0473
-45.1921 -20.6960
-44.7047 -20.3468
-44.2166 -19.9997
-43.7279 -19.6549
-43.2385 -19.3122
-42.7484 -18.9717
-42.2578 -18.6333
-41.7665 -18.2970
-41.2745 -17.9629
-40.7820 -17.6309
-40.2888 -17.3010
-39.7949 -16.9732
-39.3005 -16.6476
-38.8054 -16.3240
-38.3097 -16.0025
-37.8133 -15.6831
-37.3164 -15.3658
-36.8188 -15.0505
-36.3206 -14.7373
-35.8219 -14.4262
-35.3224 -14.1171
-34.8224 -13.8101
-34.3218 -13.5051
-33.8206 -13.2021
-33.3187 -12.9012
-32.8163 -12.6023
-32.3132 -12.3054
-31.8096 -12.0105
-31.3053 -11.7176
-30.8005 -11.4268
-30.2951 -11.1379
-29.7890 -10.8510
-29.2824 -10.5661
-28.7752 -10.2832
-28.2674 -10.0023
-27.7590 -9.7233
-27.2500 -9.4464
-26.7404 -9.1714
-26.2302 -8.8983
-25.7195 -8.6272
-25.2082 -8.3581
-24.6963 -8.0909
-24.1838 -7.8256
-23.6707 -7.5623
-23.1571 -7.3010
-22.6429 -7.0415
-22.1281 -6.7840
-21.6127 -6.5285
-21.0967 -6.2748
-20.5802 -6.0231
-20.0631 -5.7733
-19.5455 -5.5254
-19.0272 -5.2794
-18.5084 -5.0353
-17.9891 -4.7931
-17.4691 -4.5528
-16.9486 -4.3145
-16.4275 -4.0780
-15.9059 -3.8434
-15.3837 -3.6107
-14.8610 -3.3799
-14.3376 -3.1510
-13.8137 -2.9240
-13.2893 -2.6988
-12.7643 -2.4755
-12.2387 -2.2541
-11.7126 -2.0346
-11.1859 -1.8170
-10.6587 -1.6012
-10.1309 -1.3873
-9.6025 -1.1752
-9.0736 -0.9651
-8.5441 -0.7567
-8.0141 -0.5503
-7.4835 -0.3457
-6.9524 -0.1430
-6.4207 0.0579
-5.8884 0.2569
-5.3556 0.4541
-4.8223 0.6494
-4.2884 0.8428
-3.7539 1.0344
-3.2189 1.2242
-2.6833 1.4121
-2.1472 1.5981
-1.6106 1.7824
-1.0734 1.9647
-0.5356 2.1452
0.0027 2.3239
0.5416 2.5007
1.0810 2.6757
1.6210 2.8488
2.1615 3.0201
2.7026 3.1895
3.2442 3.3571
3.7863 3.5229
4.3291 3.6868
4.8723 3.8489
5.4161 4.0091
5.9605 4.1675
6.5054 4.3240
7.0509 4.4787
7.5969 4.6316
8.1435 4.7826
8.6906 4.9318
9.2383 5.0791
9.7865 5.2246
10.3352 5.3682
10.8846 5.5100
11.4344 5.6499
11.9849 5.7880
12.5358 5.9243
13.0874 6.0587
13.6394 6.1912
14.1921 6.3219
14.7452 6.4507
15.2990 6.5777
15.8533 6.7028
16.4081 6.8261
16.9635 6.9475
17.5195 7.0671
18.0760 7.1848
18.6330 7.3006
19.1906 7.4146
19.7488 7.5267
20.3075 7.6369
20.8668 7.7453
21.4267 7.8518
21.9871 7.9564
22.5481 8.0591
23.1096 8.1600
23.6717 8.2590
24.2343 8.3561
24.7975 8.4513
25.3613 8.5447
25.9256 8.6361
26.4905 8.7257
27.0560 8.8133
27.6220 8.8991
28.1886 8.9830
28.7558 9.0649
29.3235 9.1450
29.8918 9.2231
30.4607 9.2994
31.0301 9.3737
31.6001 9.4461
32.1707 9.5166
32.7419 9.5852
33.3136 9.6518
33.8859 9.7165
34.4588 9.7793
35.0323 9.8402
35.6063 9.8991
36.1810 9.9560
36.7562 10.0110
37.3320 10.0641
37.9083 10.1152
38.4853 10.1643
39.0629 10.2114
39.6410 10.2566
40.2197 10.2999
40.7990 10.3411
41.3789 10.3804
41.9594 10.4176
42.5405 10.4529
43.1222 10.4862
43.7045 10.5174
44.2874 10.5467
44.8709 10.5740
45.4550 10.5992
46.0397 10.6224
46.6250 10.6436
47.2109 10.6627
47.7974 10.6798
48.3845 10.6949
48.9722 10.7079
49.5606 10.7189
50.1496 10.7277
50.7391 10.7346
51.3293 10.7393
51.9202 10.7420
52.5116 10.7425
53.1037 10.7410
53.6964 10.7374
54.2897 10.7316
54.8837 10.7238
55.4783 10.7138
56.0735 10.7017
56.6694 10.6874
57.2659 10.6710
57.8630 10.6525
58.4608 10.6318
59.0593 10.6089
59.6584 10.5838
60.2581 10.5566
60.8585 10.5272
61.4596 10.4955
