# Среднее НА | Диаметр: Dср = 624.2 мм | Линия: Корыто
# X, мм    Y, мм
-30.8322 -31.2077
-30.1648 -31.2717
-29.6352 -31.1608
-29.1864 -30.9473
-28.7701 -30.6924
-28.3717 -30.4151
-27.9849 -30.1228
-27.6071 -29.8192
-27.2362 -29.5070
-26.8699 -29.1888
-26.5062 -28.8673
-26.1434 -28.5447
-25.7814 -28.2210
-25.4204 -27.8961
-25.0607 -27.5695
-24.7024 -27.2412
-24.3458 -26.9107
-23.9906 -26.5785
-23.6367 -26.2446
-23.2838 -25.9093
-22.9318 -25.5729
-22.5806 -25.2356
-22.2301 -24.8975
-21.8802 -24.5585
-21.5309 -24.2187
-21.1822 -23.8781
-20.8342 -23.5368
-20.4866 -23.1948
-20.1396 -22.8521
-19.7931 -22.5088
-19.4471 -22.1649
-19.1015 -21.8204
-18.7563 -21.4754
-18.4114 -21.1300
-18.0669 -20.7843
-17.7225 -20.4383
-17.3783 -20.0920
-17.0342 -19.7456
-16.6902 -19.3992
-16.3462 -19.0527
-16.0022 -18.7062
-15.6580 -18.3599
-15.3137 -18.0138
-14.9692 -17.6680
-14.6245 -17.3225
-14.2794 -16.9773
-13.9340 -16.6326
-13.5882 -16.2885
-13.2419 -15.9449
-12.8951 -15.6019
-12.5478 -15.2597
-12.1998 -14.9182
-11.8514 -14.5773
-11.5026 -14.2369
-11.1535 -13.8969
-10.8042 -13.5571
-10.4548 -13.2175
-10.1054 -12.8779
-9.7561 -12.5381
-9.4070 -12.1982
-9.0581 -11.8579
-8.7094 -11.5173
-8.3609 -11.1766
-8.0121 -10.8361
-7.6630 -10.4962
-7.3133 -10.1569
-6.9627 -9.8188
-6.6112 -9.4819
-6.2583 -9.1466
-5.9040 -8.8132
-5.5480 -8.4819
-5.1903 -8.1529
-4.8310 -7.8259
-4.4702 -7.5006
-4.1082 -7.1770
-3.7452 -6.8547
-3.3812 -6.5335
-3.0166 -6.2132
-2.6514 -5.8936
-2.2858 -5.5745
-1.9201 -5.2556
-1.5543 -4.9368
-1.1884 -4.6181
-0.8223 -4.2996
-0.4561 -3.9813
-0.0897 -3.6633
0.2770 -3.3455
0.6438 -3.0281
1.0110 -2.7109
1.3784 -2.3942
1.7461 -2.0778
2.1142 -1.7619
2.4827 -1.4465
2.8515 -1.1315
3.2208 -0.8171
3.5905 -0.5032
3.9607 -0.1900
4.3314 0.1227
4.7026 0.4346
5.0743 0.7459
5.4467 1.0564
5.8196 1.3662
6.1931 1.6752
6.5672 1.9835
6.9419 2.2911
7.3171 2.5979
7.6929 2.9040
8.0694 3.2093
8.4464 3.5139
8.8239 3.8178
9.2021 4.1210
9.5808 4.4234
9.9601 4.7251
10.3399 5.0261
10.7203 5.3264
11.1013 5.6259
11.4829 5.9247
11.8650 6.2228
12.2477 6.5202
12.6309 6.8169
13.0147 7.1129
13.3990 7.4082
13.7839 7.7028
14.1694 7.9967
14.5554 8.2899
14.9419 8.5824
15.3289 8.8743
15.7165 9.1655
16.1046 9.4560
16.4931 9.7459
16.8822 10.0352
17.2718 10.3238
17.6619 10.6119
18.0524 10.8993
18.4435 11.1860
18.8350 11.4722
19.2270 11.7578
19.6194 12.0428
20.0123 12.3272
20.4057 12.6111
20.7995 12.8944
21.1938 13.1771
21.5885 13.4591
21.9837 13.7406
22.3794 14.0215
22.7757 14.3016
23.1725 14.5812
23.5698 14.8600
23.9677 15.1381
24.3662 15.4154
24.7652 15.6920
25.1649 15.9678
25.5652 16.2429
25.9662 16.5171
26.3678 16.7905
26.7700 17.0630
27.1730 17.3346
27.5767 17.6054
27.9811 17.8752
28.3862 18.1441
28.7921 18.4121
29.1987 18.6791
29.6061 18.9452
30.0141 19.2104
30.4229 19.4747
30.8323 19.7382
31.2423 20.0008
31.6531 20.2626
32.0644 20.5237
32.4763 20.7840
32.8888 21.0435
33.3019 21.3023
33.7155 21.5605
34.1297 21.8179
34.5443 22.0747
34.9595 22.3309
35.3751 22.5864
35.7913 22.8414
36.2078 23.0958
36.6248 23.3497
37.0422 23.6030
37.4599 23.8560
37.8778 24.1086
38.2959 24.3611
38.7139 24.6136
39.1319 24.8662
39.5498 25.1190
39.9673 25.3721
40.3845 25.6258
40.8012 25.8800
41.2173 26.1349
41.6328 26.3907
42.0475 26.6475
42.4613 26.9054
42.8741 27.1645
43.2859 27.4250
43.6965 27.6869
44.1059 27.9504
44.5139 28.2157
44.9204 28.4828
