# Среднее НА | Диаметр: Dср = 650.1 мм | Линия: Спинка
# X, мм    Y, мм
-26.9615 -22.7343
-26.9677 -22.0253
-26.8725 -21.4671
-26.7174 -20.9983
-26.5372 -20.5665
-26.3429 -20.1559
-26.1387 -19.7600
-25.9268 -19.3756
-25.7086 -19.0005
-25.4857 -18.6325
-25.2596 -18.2692
-25.0315 -17.9088
-24.8015 -17.5512
-24.5695 -17.1967
-24.3353 -16.8454
-24.0988 -16.4977
-23.8598 -16.1535
-23.6185 -15.8129
-23.3749 -15.4756
-23.1293 -15.1413
-22.8818 -14.8098
-22.6325 -14.4811
-22.3814 -14.1550
-22.1285 -13.8315
-21.8739 -13.5106
-21.6176 -13.1922
-21.3597 -12.8763
-21.1000 -12.5629
-20.8388 -12.2519
-20.5759 -11.9433
-20.3114 -11.6372
-20.0453 -11.3333
-19.7777 -11.0318
-19.5086 -10.7324
-19.2381 -10.4352
-18.9661 -10.1402
-18.6928 -9.8471
-18.4182 -9.5561
-18.1422 -9.2669
-17.8651 -8.9796
-17.5867 -8.6941
-17.3071 -8.4103
-17.0265 -8.1282
-16.7447 -7.8477
-16.4619 -7.5688
-16.1781 -7.2914
-15.8933 -7.0154
-15.6076 -6.7407
-15.3210 -6.4675
-15.0336 -6.1954
-14.7453 -5.9246
-14.4563 -5.6550
-14.1663 -5.3867
-13.8755 -5.1198
-13.5836 -4.8543
-13.2906 -4.5905
-12.9966 -4.3283
-12.7013 -4.0680
-12.4047 -3.8095
-12.1069 -3.5530
-11.8076 -3.2986
-11.5069 -3.0463
-11.2050 -2.7958
-10.9020 -2.5469
-10.5980 -2.2995
-10.2933 -2.0531
-9.9880 -1.8077
-9.6822 -1.5629
-9.3762 -1.3186
-9.0700 -1.0745
-8.7638 -0.8303
-8.4578 -0.5860
-8.1516 -0.3418
-7.8453 -0.0978
-7.5387 0.1457
-7.2317 0.3886
-6.9242 0.6307
-6.6159 0.8718
-6.3069 1.1116
-5.9969 1.3501
-5.6859 1.5870
-5.3737 1.8223
-5.0604 2.0559
-4.7460 2.2878
-4.4306 2.5182
-4.1141 2.7470
-3.7966 2.9742
-3.4781 3.2000
-3.1585 3.4242
-2.8380 3.6471
-2.5165 3.8684
-2.1941 4.0884
-1.8708 4.3071
-1.5466 4.5243
-1.2215 4.7403
-0.8955 4.9550
-0.5687 5.1684
-0.2410 5.3806
0.0874 5.5916
0.4167 5.8015
0.7467 6.0102
1.0774 6.2177
1.4089 6.4241
1.7412 6.6294
2.0743 6.8336
2.4081 7.0366
2.7427 7.2385
3.0780 7.4392
3.4141 7.6388
3.7510 7.8373
4.0887 8.0346
4.4271 8.2308
4.7663 8.4258
5.1063 8.6196
5.4470 8.8123
5.7885 9.0038
6.1308 9.1942
6.4739 9.3834
6.8178 9.5715
7.1625 9.7584
7.5079 9.9441
7.8541 10.1286
8.2012 10.3120
8.5490 10.4941
8.8976 10.6751
9.2471 10.8549
9.5973 11.0335
9.9484 11.2108
10.3003 11.3869
10.6530 11.5618
11.0065 11.7355
11.3609 11.9079
11.7161 12.0790
12.0722 12.2489
12.4292 12.4175
12.7869 12.5848
13.1456 12.7509
13.5051 12.9157
13.8655 13.0791
14.2268 13.2413
14.5889 13.4021
14.9519 13.5617
15.3158 13.7199
15.6806 13.8769
16.0462 14.0326
16.4126 14.1871
16.7799 14.3404
17.1480 14.4924
17.5169 14.6432
17.8865 14.7928
18.2570 14.9413
18.6283 15.0886
19.0003 15.2348
19.3731 15.3798
19.7466 15.5238
20.1208 15.6666
20.4958 15.8083
20.8715 15.9490
21.2479 16.0886
21.6251 16.2272
22.0029 16.3648
22.3814 16.5013
22.7606 16.6367
23.1405 16.7711
23.5212 16.9044
23.9027 17.0365
24.2849 17.1675
24.6679 17.2973
25.0517 17.4259
25.4363 17.5534
25.8217 17.6795
26.2080 17.8045
26.5952 17.9281
26.9832 18.0505
27.3721 18.1715
27.7619 18.2912
28.1527 18.4095
28.5443 18.5264
28.9370 18.6419
29.3305 18.7560
29.7251 18.8686
30.1207 18.9797
30.5174 19.0890
30.9154 19.1967
31.3146 19.3024
31.7151 19.4061
32.1170 19.5077
32.5205 19.6071
32.9255 19.7042
33.3322 19.7988
33.7405 19.8908
34.1507 19.9802
34.5627 20.0668
34.9767 20.1506
35.3927 20.2313
35.8108 20.3089
36.2310 20.3833
36.6535 20.4544
37.0783 20.5220
37.5055 20.5861
