# Среднее НА | Диаметр: Dср = 624.2 мм | Линия: Средняя линия
# X, мм    Y, мм
-30.8322 -31.2077
-30.5413 -30.7938
-30.2495 -30.3812
-29.9566 -29.9698
-29.6628 -29.5596
-29.3679 -29.1508
-29.0721 -28.7431
-28.7753 -28.3367
-28.4776 -27.9315
-28.1789 -27.5275
-27.8792 -27.1248
-27.5786 -26.7233
-27.2770 -26.3230
-26.9744 -25.9240
-26.6709 -25.5261
-26.3664 -25.1295
-26.0609 -24.7340
-25.7546 -24.3398
-25.4472 -23.9468
-25.1389 -23.5550
-24.8297 -23.1644
-24.5196 -22.7749
-24.2084 -22.3867
-23.8964 -21.9997
-23.5834 -21.6138
-23.2695 -21.2292
-22.9546 -20.8457
-22.6389 -20.4634
-22.3221 -20.0823
-22.0045 -19.7023
-21.6859 -19.3236
-21.3664 -18.9460
-21.0460 -18.5696
-20.7247 -18.1943
-20.4024 -17.8202
-20.0793 -17.4473
-19.7552 -17.0756
-19.4302 -16.7050
-19.1043 -16.3355
-18.7774 -15.9672
-18.4497 -15.6001
-18.1211 -15.2342
-17.7915 -14.8693
-17.4610 -14.5057
-17.1297 -14.1431
-16.7974 -13.7818
-16.4642 -13.4215
-16.1302 -13.0625
-15.7952 -12.7045
-15.4593 -12.3477
-15.1226 -11.9921
-14.7849 -11.6375
-14.4463 -11.2841
-14.1069 -10.9319
-13.7665 -10.5808
-13.4253 -10.2308
-13.0832 -9.8819
-12.7401 -9.5342
-12.3962 -9.1876
-12.0514 -8.8421
-11.7058 -8.4977
-11.3592 -8.1545
-11.0117 -7.8124
-10.6634 -7.4714
-10.3142 -7.1316
-9.9641 -6.7928
-9.6131 -6.4552
-9.2612 -6.1187
-8.9085 -5.7833
-8.5548 -5.4491
-8.2003 -5.1159
-7.8450 -4.7839
-7.4887 -4.4529
-7.1316 -4.1231
-6.7735 -3.7944
-6.4147 -3.4669
-6.0549 -3.1404
-5.6942 -2.8150
-5.3327 -2.4908
-4.9703 -2.1676
-4.6071 -1.8456
-4.2429 -1.5246
-3.8779 -1.2048
-3.5120 -0.8861
-3.1453 -0.5685
-2.7777 -0.2520
-2.4092 0.0634
-2.0398 0.3777
-1.6696 0.6909
-1.2985 1.0030
-0.9265 1.3140
-0.5537 1.6239
-0.1799 1.9326
0.1946 2.2403
0.5701 2.5469
0.9464 2.8523
1.3236 3.1567
1.7017 3.4600
2.0806 3.7621
2.4604 4.0632
2.8411 4.3631
3.2226 4.6620
3.6050 4.9597
3.9883 5.2564
4.3724 5.5519
4.7574 5.8463
5.1433 6.1397
5.5301 6.4319
5.9177 6.7230
6.3062 7.0131
6.6955 7.3020
7.0858 7.5898
7.4769 7.8765
7.8688 8.1621
8.2617 8.4466
8.6554 8.7300
9.0499 9.0123
9.4454 9.2935
9.8417 9.5736
10.2389 9.8526
10.6370 10.1304
11.0359 10.4072
11.4358 10.6828
11.8364 10.9574
12.2380 11.2308
12.6405 11.5031
13.0438 11.7743
13.4480 12.0444
13.8530 12.3134
14.2590 12.5813
14.6658 12.8480
15.0735 13.1137
15.4821 13.3782
15.8916 13.6416
16.3019 13.9039
16.7131 14.1650
17.1253 14.4251
17.5383 14.6840
17.9521 14.9418
18.3669 15.1985
18.7826 15.4540
19.1991 15.7085
19.6165 15.9618
20.0348 16.2139
20.4540 16.4650
20.8741 16.7149
21.2951 16.9637
21.7170 17.2113
22.1398 17.4578
22.5634 17.7032
22.9880 17.9475
23.4135 18.1906
23.8398 18.4325
24.2671 18.6734
24.6953 18.9130
25.1243 19.1516
25.5543 19.3889
25.9852 19.6252
26.4169 19.8603
26.8496 20.0942
27.2832 20.3270
27.7177 20.5586
28.1531 20.7891
28.5895 21.0184
29.0267 21.2465
29.4649 21.4735
29.9040 21.6993
30.3440 21.9240
30.7849 22.1475
31.2267 22.3698
31.6695 22.5909
32.1132 22.8109
32.5578 23.0297
33.0033 23.2473
33.4498 23.4637
33.8972 23.6790
34.3456 23.8930
34.7949 24.1059
35.2451 24.3176
35.6963 24.5281
36.1484 24.7373
36.6014 24.9454
37.0554 25.1523
37.5104 25.3580
37.9663 25.5625
38.4231 25.7657
38.8809 25.9678
39.3397 26.1686
39.7994 26.3683
40.2601 26.5667
40.7218 26.7638
41.1844 26.9598
41.6480 27.1545
42.1125 27.3480
42.5781 27.5402
43.0446 27.7312
43.5121 27.9210
43.9805 28.1095
44.4500 28.2968
44.9204 28.4828
