# Среднее НА | Диаметр: Dср = 648.3 мм | Линия: Корыто
# X, мм    Y, мм
-40.1085 -40.5001
-39.2380 -40.5854
-38.5470 -40.4436
-37.9614 -40.1687
-37.4182 -39.8400
-36.8982 -39.4821
-36.3935 -39.1047
-35.9005 -38.7126
-35.4164 -38.3093
-34.9385 -37.8982
-34.4639 -37.4827
-33.9906 -37.0657
-33.5183 -36.6474
-33.0474 -36.2273
-32.5782 -35.8051
-32.1109 -35.3805
-31.6457 -34.9532
-31.1825 -34.5235
-30.7209 -34.0916
-30.2608 -33.6579
-29.8019 -33.2227
-29.3439 -32.7862
-28.8869 -32.3486
-28.4308 -31.9099
-27.9755 -31.4701
-27.5210 -31.0293
-27.0673 -30.5874
-26.6144 -30.1446
-26.1622 -29.7010
-25.7107 -29.2564
-25.2598 -28.8110
-24.8095 -28.3649
-24.3598 -27.9181
-23.9105 -27.4707
-23.4616 -27.0228
-23.0130 -26.5745
-22.5647 -26.1258
-22.1166 -25.6770
-21.6686 -25.2280
-21.2206 -24.7789
-20.7726 -24.3299
-20.3245 -23.8810
-19.8762 -23.4323
-19.4277 -22.9840
-18.9789 -22.5360
-18.5297 -22.0884
-18.0801 -21.6415
-17.6300 -21.1951
-17.1793 -20.7495
-16.7280 -20.3047
-16.2759 -19.8608
-15.8232 -19.4178
-15.3698 -18.9755
-14.9160 -18.5339
-14.4618 -18.0926
-14.0074 -17.6517
-13.5529 -17.2110
-13.0984 -16.7702
-12.6440 -16.3292
-12.1899 -15.8880
-11.7361 -15.4462
-11.2827 -15.0040
-10.8294 -14.5617
-10.3760 -14.1196
-9.9220 -13.6781
-9.4673 -13.2376
-9.0116 -12.7983
-8.5545 -12.3608
-8.0958 -11.9253
-7.6352 -11.4921
-7.1725 -11.0618
-6.7075 -10.6342
-6.2405 -10.2093
-5.7716 -9.7866
-5.3012 -9.3660
-4.8293 -8.9471
-4.3564 -8.5296
-3.8826 -8.1133
-3.4081 -7.6978
-2.9331 -7.2828
-2.4580 -6.8682
-1.9827 -6.4536
-1.5073 -6.0392
-1.0318 -5.6250
-0.5561 -5.2110
-0.0802 -4.7973
0.3960 -4.3839
0.8725 -3.9709
1.3492 -3.5583
1.8264 -3.1461
2.3039 -2.7344
2.7819 -2.3233
3.2603 -1.9127
3.7391 -1.5027
4.2186 -1.0934
4.6985 -0.6848
5.1791 -0.2770
5.6603 0.1301
6.1421 0.5363
6.6246 0.9417
7.1079 1.3461
7.5919 1.7496
8.0766 2.1522
8.5621 2.5538
9.0483 2.9545
9.5352 3.3543
10.0229 3.7531
10.5113 4.1511
11.0004 4.5481
11.4902 4.9442
11.9808 5.3394
12.4721 5.7337
12.9641 6.1271
13.4568 6.5195
13.9502 6.9111
14.4444 7.3018
14.9392 7.6915
15.4348 8.0804
15.9310 8.4684
16.4280 8.8555
16.9257 9.2417
17.4240 9.6270
17.9231 10.0115
18.4228 10.3950
18.9233 10.7778
19.4243 11.1597
19.9261 11.5407
20.4285 11.9210
20.9315 12.3004
21.4352 12.6790
21.9395 13.0568
22.4444 13.4339
22.9499 13.8101
23.4561 14.1856
23.9628 14.5603
24.4702 14.9343
24.9781 15.3076
25.4866 15.6801
25.9956 16.0519
26.5053 16.4230
27.0155 16.7933
27.5262 17.1630
28.0375 17.5319
28.5495 17.9001
29.0621 18.2674
29.5753 18.6340
30.0892 18.9996
30.6038 19.3645
31.1191 19.7284
31.6351 20.0914
32.1518 20.4535
32.6694 20.8146
33.1877 21.1746
33.7068 21.5337
34.2268 21.8917
34.7476 22.2487
35.2692 22.6045
35.7918 22.9593
36.3153 23.3128
36.8397 23.6652
37.3650 24.0164
37.8913 24.3664
38.4185 24.7153
38.9466 25.0630
39.4756 25.4096
40.0054 25.7552
40.5360 26.0997
41.0675 26.4432
41.5997 26.7858
42.1326 27.1274
42.6663 27.4680
43.2007 27.8078
43.7358 28.1467
44.2715 28.4847
44.8079 28.8220
45.3449 29.1584
45.8825 29.4942
46.4207 29.8292
46.9594 30.1635
47.4986 30.4971
48.0384 30.8301
48.5785 31.1626
49.1188 31.4948
49.6593 31.8269
50.1998 32.1589
50.7402 32.4912
51.2803 32.8237
51.8200 33.1568
52.3592 33.4905
52.8977 33.8250
53.4355 34.1605
53.9723 34.4971
54.5081 34.8351
55.0428 35.1746
55.5761 35.5156
56.1081 35.8585
56.6384 36.2034
57.1671 36.5503
57.6940 36.8996
58.2190 37.2513
