# Среднее НА | Диаметр: Dср = 648.3 мм | Линия: Спинка
# X, мм    Y, мм
-40.1085 -40.5001
-40.2190 -39.3448
-40.1474 -38.4198
-39.9680 -37.6311
-39.7436 -36.8993
-39.4936 -36.1998
-39.2258 -35.5229
-38.9439 -34.8639
-38.6506 -34.2193
-38.3486 -33.5855
-38.0409 -32.9591
-37.7295 -32.3374
-37.4145 -31.7201
-37.0957 -31.1076
-36.7729 -30.5003
-36.4457 -29.8985
-36.1140 -29.3025
-35.7779 -28.7119
-35.4377 -28.1265
-35.0937 -27.5460
-34.7462 -26.9700
-34.3952 -26.3982
-34.0409 -25.8307
-33.6834 -25.2673
-33.3226 -24.7079
-32.9587 -24.1526
-32.5915 -23.6013
-32.2213 -23.0539
-31.8480 -22.5105
-31.4717 -21.9708
-31.0923 -21.4350
-30.7100 -20.9029
-30.3248 -20.3744
-29.9369 -19.8495
-29.5462 -19.3280
-29.1528 -18.8099
-28.7569 -18.2950
-28.3584 -17.7833
-27.9575 -17.2747
-27.5543 -16.7691
-27.1488 -16.2664
-26.7410 -15.7664
-26.3312 -15.2692
-25.9192 -14.7745
-25.5053 -14.2824
-25.0894 -13.7928
-24.6717 -13.3054
-24.2522 -12.8204
-23.8310 -12.3375
-23.4081 -11.8567
-22.9837 -11.3779
-22.5577 -10.9011
-22.1300 -10.4264
-21.7005 -9.9539
-21.2691 -9.4839
-20.8357 -9.0165
-20.4001 -8.5518
-19.9622 -8.0899
-19.5219 -7.6311
-19.0792 -7.1755
-18.6338 -6.7232
-18.1857 -6.2742
-17.7354 -5.8282
-17.2829 -5.3847
-16.8287 -4.9436
-16.3730 -4.5043
-15.9161 -4.0665
-15.4583 -3.6299
-14.9999 -3.1941
-14.5411 -2.7588
-14.0822 -2.3235
-13.6233 -1.8882
-13.1643 -1.4531
-12.7048 -1.0186
-12.2448 -0.5849
-11.7838 -0.1522
-11.3217 0.2790
-10.8583 0.7085
-10.3934 1.1361
-9.9267 1.5615
-9.4579 1.9843
-8.9870 2.4044
-8.5141 2.8218
-8.0390 3.2366
-7.5619 3.6489
-7.0829 4.0586
-6.6018 4.4658
-6.1189 4.8706
-5.6340 5.2730
-5.1473 5.6730
-4.6587 6.0708
-4.1683 6.4662
-3.6762 6.8595
-3.1824 7.2505
-2.6869 7.6394
-2.1897 8.0262
-1.6909 8.4110
-1.1905 8.7938
-0.6885 9.1745
-0.1850 9.5534
0.3199 9.9304
0.8264 10.3055
1.3343 10.6788
1.8437 11.0502
2.3545 11.4197
2.8669 11.7873
3.3807 12.1531
3.8960 12.5170
4.4128 12.8790
4.9311 13.2391
5.4509 13.5974
5.9721 13.9537
6.4949 14.3082
7.0192 14.6608
7.5450 15.0114
8.0723 15.3602
8.6011 15.7070
9.1314 16.0519
9.6632 16.3949
10.1965 16.7360
10.7314 17.0752
11.2678 17.4125
11.8057 17.7478
12.3452 18.0811
12.8862 18.4125
13.4288 18.7419
13.9729 19.0693
14.5186 19.3948
15.0660 19.7182
15.6149 20.0396
16.1654 20.3590
16.7175 20.6763
17.2713 20.9915
17.8267 21.3047
18.3837 21.6159
18.9424 21.9249
19.5028 22.2318
20.0648 22.5367
20.6285 22.8394
21.1939 23.1399
21.7610 23.4383
22.3298 23.7346
22.9002 24.0288
23.4723 24.3208
24.0461 24.6108
24.6214 24.8988
25.1984 25.1847
25.7769 25.4687
26.3571 25.7506
26.9387 26.0306
27.5219 26.3087
28.1066 26.5848
28.6928 26.8590
29.2805 27.1314
29.8696 27.4020
30.4602 27.6707
31.0522 27.9376
31.6456 28.2027
32.2404 28.4660
32.8366 28.7276
33.4342 28.9875
34.0331 29.2457
34.6334 29.5021
35.2352 29.7566
35.8384 30.0094
36.4431 30.2602
37.0493 30.5092
37.6571 30.7562
38.2664 31.0012
38.8773 31.2442
39.4898 31.4852
40.1040 31.7240
40.7198 31.9608
41.3373 32.1954
41.9566 32.4279
42.5776 32.6581
43.2004 32.8861
43.8250 33.1118
44.4514 33.3352
45.0797 33.5562
45.7098 33.7748
46.3420 33.9909
46.9764 34.2043
47.6130 34.4148
48.2520 34.6222
48.8936 34.8264
49.5379 35.0272
50.1850 35.2244
50.8350 35.4180
51.4882 35.6076
52.1445 35.7931
52.8042 35.9744
53.4674 36.1512
54.1343 36.3235
54.8048 36.4910
55.4793 36.6536
56.1579 36.8111
56.8405 36.9634
57.5275 37.1101
58.2190 37.2513
