# Среднее НА | Диаметр: Dср = 648.3 мм | Линия: Средняя линия
# X, мм    Y, мм
-40.1085 -40.5001
-39.7285 -39.9651
-39.3472 -39.4317
-38.9647 -38.8999
-38.5809 -38.3696
-38.1959 -37.8410
-37.8097 -37.3138
-37.4222 -36.7883
-37.0335 -36.2643
-36.6435 -35.7418
-36.2524 -35.2209
-35.8600 -34.7016
-35.4664 -34.1838
-35.0716 -33.6675
-34.6756 -33.1527
-34.2783 -32.6395
-33.8799 -32.1278
-33.4802 -31.6177
-33.0793 -31.1091
-32.6773 -30.6019
-32.2740 -30.0963
-31.8696 -29.5922
-31.4639 -29.0897
-31.0571 -28.5886
-30.6491 -28.0890
-30.2398 -27.5909
-29.8294 -27.0944
-29.4179 -26.5993
-29.0051 -26.1057
-28.5912 -25.6136
-28.1760 -25.1230
-27.7598 -24.6339
-27.3423 -24.1462
-26.9237 -23.6601
-26.5039 -23.1754
-26.0829 -22.6922
-25.6608 -22.2104
-25.2375 -21.7302
-24.8131 -21.2513
-24.3874 -20.7740
-23.9607 -20.2981
-23.5328 -19.8237
-23.1037 -19.3508
-22.6735 -18.8793
-22.2421 -18.4092
-21.8096 -17.9406
-21.3759 -17.4735
-20.9411 -17.0078
-20.5051 -16.5435
-20.0680 -16.0807
-19.6298 -15.6193
-19.1904 -15.1594
-18.7499 -14.7009
-18.3082 -14.2439
-17.8655 -13.7883
-17.4215 -13.3341
-16.9765 -12.8814
-16.5303 -12.4301
-16.0830 -11.9802
-15.6345 -11.5317
-15.1849 -11.0847
-14.7342 -10.6391
-14.2824 -10.1949
-13.8295 -9.7522
-13.3754 -9.3108
-12.9202 -8.8709
-12.4638 -8.4324
-12.0064 -7.9954
-11.5478 -7.5597
-11.0881 -7.1255
-10.6273 -6.6926
-10.1654 -6.2612
-9.7024 -5.8312
-9.2382 -5.4026
-8.7730 -4.9754
-8.3066 -4.5497
-7.8391 -4.1253
-7.3705 -3.7024
-6.9007 -3.2808
-6.4299 -2.8607
-5.9579 -2.4419
-5.4849 -2.0246
-5.0107 -1.6087
-4.5354 -1.1942
-4.0590 -0.7811
-3.5815 -0.3694
-3.1029 0.0410
-2.6232 0.4499
-2.1424 0.8574
-1.6604 1.2635
-1.1774 1.6682
-0.6932 2.0715
-0.2080 2.4734
0.2784 2.8739
0.7658 3.2730
1.2544 3.6707
1.7441 4.0670
2.2349 4.4619
2.7268 4.8554
3.2198 5.2475
3.7139 5.6382
4.2091 6.0276
4.7054 6.4155
5.2029 6.8020
5.7014 7.1871
6.2010 7.5708
6.7018 7.9531
7.2036 8.3340
7.7066 8.7136
8.2107 9.0917
8.7158 9.4684
9.2221 9.8437
9.7295 10.2176
10.2380 10.5901
10.7476 10.9613
11.2583 11.3310
11.7701 11.6993
12.2831 12.0662
12.7971 12.4317
13.3123 12.7958
13.8285 13.1585
14.3459 13.5197
14.8644 13.8796
15.3840 14.2381
15.9047 14.5951
16.4266 14.9508
16.9495 15.3050
17.4736 15.6579
17.9987 16.0093
18.5250 16.3593
19.0524 16.7079
19.5810 17.0551
20.1106 17.4008
20.6414 17.7452
21.1733 18.0881
21.7063 18.4296
22.2404 18.7697
22.7757 19.1084
23.3121 19.4456
23.8496 19.7814
24.3882 20.1158
24.9280 20.4488
25.4689 20.7803
26.0109 21.1105
26.5541 21.4391
27.0984 21.7664
27.6438 22.0922
28.1904 22.4166
28.7381 22.7395
29.2869 23.0610
29.8369 23.3811
30.3880 23.6997
30.9402 24.0168
31.4936 24.3326
32.0482 24.6468
32.6039 24.9597
33.1607 25.2710
33.7187 25.5810
34.2779 25.8894
34.8382 26.1964
35.3996 26.5020
35.9622 26.8061
36.5260 27.1087
37.0909 27.4098
37.6570 27.7095
38.2243 28.0077
38.7927 28.3044
39.3623 28.5997
39.9330 28.8935
40.5050 29.1858
41.0781 29.4766
41.6523 29.7659
42.2278 30.0537
42.8044 30.3401
43.3822 30.6249
43.9613 30.9083
44.5414 31.1901
45.1228 31.4705
45.7054 31.7493
46.2891 32.0267
46.8741 32.3025
47.4603 32.5768
48.0476 32.8496
48.6362 33.1208
49.2259 33.3906
49.8169 33.6588
50.4091 33.9255
51.0025 34.1906
51.5971 34.4542
52.1929 34.7163
52.7900 34.9768
53.3883 35.2358
53.9878 35.4932
54.5885 35.7490
55.1905 36.0033
55.7937 36.2561
56.3981 36.5073
57.0038 36.7569
57.6108 37.0049
58.2190 37.2513
