# Среднее РК | Диаметр: Dср = 676.0 мм | Линия: Корыто
# X, мм    Y, мм
-33.3046 -32.4409
-32.5766 -32.5294
-31.9961 -32.4323
-31.5021 -32.2263
-31.0431 -31.9762
-30.6033 -31.7019
-30.1763 -31.4116
-29.7590 -31.1090
-29.3492 -30.7969
-28.9446 -30.4783
-28.5430 -30.1559
-28.1426 -29.8320
-27.7433 -29.5068
-27.3453 -29.1800
-26.9488 -28.8511
-26.5541 -28.5201
-26.1613 -28.1866
-25.7703 -27.8510
-25.3809 -27.5133
-24.9928 -27.1740
-24.6058 -26.8332
-24.2198 -26.4911
-23.8348 -26.1479
-23.4507 -25.8036
-23.0674 -25.4581
-22.6850 -25.1116
-22.3034 -24.7640
-21.9226 -24.4155
-21.5426 -24.0660
-21.1633 -23.7156
-20.7846 -23.3643
-20.4067 -23.0121
-20.0294 -22.6592
-19.6526 -22.3056
-19.2763 -21.9514
-18.9004 -21.5967
-18.5249 -21.2414
-18.1497 -20.8858
-17.7748 -20.5298
-17.4001 -20.1737
-17.0255 -19.8173
-16.6510 -19.4608
-16.2765 -19.1043
-15.9020 -18.7478
-15.5275 -18.3915
-15.1527 -18.0353
-14.7778 -17.6793
-14.4026 -17.3237
-14.0271 -16.9685
-13.6513 -16.6137
-13.2750 -16.2595
-12.8983 -15.9058
-12.5213 -15.5525
-12.1440 -15.1995
-11.7666 -14.8467
-11.3891 -14.4939
-11.0118 -14.1410
-10.6346 -13.7880
-10.2576 -13.4346
-9.8810 -13.0807
-9.5049 -12.7263
-9.1292 -12.3713
-8.7538 -12.0160
-8.3784 -11.6607
-8.0027 -11.3057
-7.6266 -10.9512
-7.2497 -10.5977
-6.8720 -10.2454
-6.4930 -9.8945
-6.1127 -9.5453
-5.7307 -9.1982
-5.3471 -8.8533
-4.9619 -8.5103
-4.5753 -8.1690
-4.1877 -7.8291
-3.7990 -7.4904
-3.4096 -7.1527
-3.0196 -6.8158
-2.6292 -6.4793
-2.2385 -6.1431
-1.8479 -5.8070
-1.4573 -5.4708
-1.0668 -5.1345
-0.6763 -4.7981
-0.2858 -4.4618
0.1048 -4.1255
0.4953 -3.7893
0.8860 -3.4532
1.2768 -3.1172
1.6678 -2.7815
2.0589 -2.4459
2.4502 -2.1106
2.8417 -1.7755
3.2335 -1.4408
3.6256 -1.1065
4.0180 -0.7725
4.4107 -0.4389
4.8037 -0.1059
5.1972 0.2267
5.5911 0.5588
5.9854 0.8903
6.3802 1.2212
6.7755 1.5516
7.1712 1.8814
7.5674 2.2106
7.9640 2.5392
8.3611 2.8672
8.7586 3.1947
9.1566 3.5217
9.5550 3.8480
9.9538 4.1739
10.3531 4.4991
10.7529 4.8238
11.1531 5.1479
11.5537 5.4715
11.9547 5.7946
12.3562 6.1171
12.7582 6.4390
13.1605 6.7604
13.5633 7.0813
13.9665 7.4017
14.3701 7.7215
14.7742 8.0407
15.1786 8.3595
15.5835 8.6777
15.9888 8.9955
16.3944 9.3128
16.8004 9.6295
17.2068 9.9458
17.6136 10.2617
18.0208 10.5771
18.4283 10.8920
18.8361 11.2065
19.2443 11.5205
19.6529 11.8341
20.0618 12.1473
20.4710 12.4601
20.8805 12.7725
21.2903 13.0845
21.7005 13.3961
22.1109 13.7073
22.5217 14.0182
22.9328 14.3286
23.3442 14.6386
23.7560 14.9481
24.1681 15.2572
24.5807 15.5657
24.9936 15.8738
25.4070 16.1813
25.8209 16.4883
26.2351 16.7947
26.6499 17.1005
27.0651 17.4057
27.4809 17.7103
27.8971 18.0142
28.3139 18.3174
28.7312 18.6199
29.1492 18.9218
29.5677 19.2229
29.9868 19.5232
30.4065 19.8227
30.8268 20.1215
31.2477 20.4196
31.6691 20.7170
32.0911 21.0136
32.5137 21.3096
32.9367 21.6050
33.3603 21.8998
33.7843 22.1939
34.2087 22.4875
34.6336 22.7806
35.0588 23.0731
35.4845 23.3652
35.9106 23.6568
36.3370 23.9479
36.7637 24.2387
37.1907 24.5290
37.6180 24.8190
38.0457 25.1086
38.4735 25.3979
38.9016 25.6869
39.3298 25.9758
39.7581 26.2646
40.1862 26.5535
40.6142 26.8426
41.0419 27.1321
41.4692 27.4221
41.8960 27.7128
42.3222 28.0042
42.7477 28.2965
43.1723 28.5899
43.5960 28.8844
44.0187 29.1802
44.4402 29.4775
44.8605 29.7764
45.2794 30.0769
45.6968 30.3794
46.1127 30.6838
46.5269 30.9903
46.9393 31.2990
