# Среднее РК | Диаметр: Dср = 610.0 мм | Линия: Спинка
# X, мм    Y, мм
-39.8753 -37.5010
-39.9445 -36.4028
-39.8439 -35.5298
-39.6428 -34.7901
-39.4000 -34.1059
-39.1333 -33.4533
-38.8501 -32.8225
-38.5539 -32.2090
-38.2472 -31.6095
-37.9326 -31.0204
-37.6127 -30.4383
-37.2895 -29.8607
-36.9632 -29.2872
-36.6334 -28.7183
-36.2999 -28.1542
-35.9626 -27.5954
-35.6211 -27.0420
-35.2756 -26.4938
-34.9265 -25.9505
-34.5740 -25.4118
-34.2182 -24.8774
-33.8594 -24.3470
-33.4976 -23.8205
-33.1329 -23.2979
-32.7653 -22.7791
-32.3948 -22.2642
-32.0216 -21.7529
-31.6455 -21.2454
-31.2667 -20.7415
-30.8852 -20.2412
-30.5010 -19.7445
-30.1142 -19.2512
-29.7248 -18.7614
-29.3329 -18.2749
-28.9385 -17.7916
-28.5418 -17.3114
-28.1429 -16.8343
-27.7416 -16.3601
-27.3383 -15.8888
-26.9328 -15.4202
-26.5254 -14.9544
-26.1160 -14.4911
-25.7047 -14.0303
-25.2916 -13.5719
-24.8767 -13.1158
-24.4602 -12.6620
-24.0420 -12.2103
-23.6223 -11.7607
-23.2011 -11.3130
-22.7785 -10.8673
-22.3545 -10.4234
-21.9291 -9.9812
-21.5023 -9.5410
-21.0740 -9.1028
-20.6439 -8.6669
-20.2121 -8.2334
-19.7784 -7.8024
-19.3426 -7.3740
-18.9047 -6.9485
-18.4646 -6.5259
-18.0221 -6.1065
-17.5774 -5.6902
-17.1305 -5.2766
-16.6818 -4.8654
-16.2315 -4.4563
-15.7800 -4.0489
-15.3274 -3.6428
-14.8741 -3.2378
-14.4203 -2.8334
-13.9663 -2.4292
-13.5124 -2.0251
-13.0585 -1.6207
-12.6046 -1.2165
-12.1504 -0.8126
-11.6957 -0.4094
-11.2403 -0.0071
-10.7840 0.3940
-10.3265 0.7935
-9.8677 1.1913
-9.4074 1.5870
-8.9452 1.9803
-8.4812 2.3712
-8.0153 2.7595
-7.5476 3.1455
-7.0781 3.5290
-6.6068 3.9103
-6.1338 4.2892
-5.6591 4.6659
-5.1828 5.0403
-4.7048 5.4126
-4.2252 5.7828
-3.7440 6.1509
-3.2613 6.5169
-2.7771 6.8810
-2.2914 7.2431
-1.8042 7.6032
-1.3157 7.9615
-0.8257 8.3180
-0.3344 8.6726
0.1582 9.0256
0.6521 9.3768
1.1472 9.7263
1.6437 10.0741
2.1414 10.4203
2.6404 10.7647
3.1406 11.1075
3.6422 11.4485
4.1450 11.7879
4.6491 12.1255
5.1546 12.4615
5.6613 12.7957
6.1693 13.1282
6.6785 13.4590
7.1891 13.7881
7.7010 14.1154
8.2142 14.4410
8.7287 14.7649
9.2445 15.0870
9.7616 15.4074
10.2801 15.7261
10.7998 16.0430
11.3209 16.3582
11.8433 16.6716
12.3670 16.9832
12.8921 17.2931
13.4185 17.6011
13.9463 17.9074
14.4754 18.2118
15.0060 18.5144
15.5379 18.8152
16.0712 19.1141
16.6059 19.4111
17.1421 19.7063
17.6796 19.9996
18.2186 20.2910
18.7590 20.5805
19.3009 20.8681
19.8442 21.1537
20.3890 21.4374
20.9352 21.7192
21.4829 21.9990
22.0321 22.2769
22.5827 22.5528
23.1348 22.8268
23.6883 23.0990
24.2432 23.3693
24.7995 23.6377
25.3571 23.9044
25.9161 24.1692
26.4765 24.4323
27.0381 24.6936
27.6011 24.9532
28.1653 25.2111
28.7308 25.4673
29.2976 25.7218
29.8656 25.9747
30.4348 26.2260
31.0052 26.4757
31.5768 26.7238
32.1496 26.9704
32.7235 27.2155
33.2986 27.4589
33.8749 27.7008
34.4524 27.9411
35.0311 28.1798
35.6112 28.4167
36.1925 28.6520
36.7751 28.8854
37.3591 29.1172
37.9444 29.3471
38.5311 29.5751
39.1193 29.8013
39.7088 30.0256
40.2999 30.2479
40.8924 30.4683
41.4864 30.6867
42.0820 30.9030
42.6792 31.1172
43.2779 31.3293
43.8782 31.5393
44.4802 31.7472
45.0840 31.9527
45.6896 32.1557
46.2972 32.3560
46.9069 32.5535
47.5189 32.7481
48.1333 32.9395
48.7501 33.1275
49.3696 33.3121
49.9919 33.4931
50.6170 33.6702
51.2451 33.8433
51.8764 34.0123
52.5109 34.1770
53.1487 34.3372
53.7901 34.4928
54.4351 34.6436
55.0838 34.7893
55.7365 34.9300
56.3931 35.0653
