# Среднее РК | Диаметр: Dср = 640.5 мм | Линия: Средняя линия
# X, мм    Y, мм
-34.7494 -27.0323
-34.3973 -26.6765
-34.0446 -26.3217
-33.6912 -25.9679
-33.3372 -25.6151
-32.9826 -25.2633
-32.6273 -24.9125
-32.2714 -24.5628
-31.9149 -24.2140
-31.5578 -23.8661
-31.2000 -23.5193
-30.8416 -23.1735
-30.4825 -22.8287
-30.1229 -22.4848
-29.7626 -22.1420
-29.4017 -21.8001
-29.0401 -21.4592
-28.6780 -21.1193
-28.3152 -20.7804
-27.9518 -20.4424
-27.5878 -20.1055
-27.2231 -19.7695
-26.8579 -19.4345
-26.4920 -19.1004
-26.1255 -18.7674
-25.7584 -18.4353
-25.3906 -18.1042
-25.0223 -17.7740
-24.6533 -17.4448
-24.2837 -17.1166
-23.9136 -16.7894
-23.5428 -16.4631
-23.1713 -16.1378
-22.7993 -15.8134
-22.4267 -15.4901
-22.0534 -15.1676
-21.6796 -14.8462
-21.3051 -14.5257
-20.9300 -14.2061
-20.5544 -13.8876
-20.1781 -13.5699
-19.8012 -13.2533
-19.4237 -12.9376
-19.0456 -12.6228
-18.6669 -12.3090
-18.2875 -11.9961
-17.9076 -11.6842
-17.5271 -11.3733
-17.1460 -11.0633
-16.7642 -10.7542
-16.3819 -10.4461
-15.9990 -10.1390
-15.6155 -9.8328
-15.2313 -9.5275
-14.8466 -9.2232
-14.4613 -8.9199
-14.0753 -8.6175
-13.6888 -8.3160
-13.3017 -8.0154
-12.9139 -7.7159
-12.5256 -7.4172
-12.1367 -7.1195
-11.7472 -6.8228
-11.3571 -6.5269
-10.9664 -6.2321
-10.5751 -5.9381
-10.1831 -5.6451
-9.7907 -5.3531
-9.3976 -5.0619
-9.0039 -4.7717
-8.6096 -4.4825
-8.2147 -4.1942
-7.8192 -3.9068
-7.4232 -3.6204
-7.0265 -3.3349
-6.6293 -3.0503
-6.2314 -2.7667
-5.8330 -2.4840
-5.4340 -2.2022
-5.0343 -1.9214
-4.6341 -1.6415
-4.2333 -1.3625
-3.8319 -1.0845
-3.4300 -0.8074
-3.0274 -0.5312
-2.6242 -0.2560
-2.2204 0.0183
-1.8161 0.2917
-1.4111 0.5641
-1.0056 0.8356
-0.5995 1.1062
-0.1928 1.3758
0.2145 1.6445
0.6224 1.9123
1.0309 2.1792
1.4400 2.4451
1.8497 2.7101
2.2599 2.9741
2.6708 3.2372
3.0822 3.4994
3.4942 3.7607
3.9068 4.0210
4.3200 4.2804
4.7338 4.5389
5.1482 4.7964
5.5632 5.0531
5.9788 5.3087
6.3949 5.5635
6.8117 5.8173
7.2290 6.0702
7.6470 6.3221
8.0655 6.5732
8.4846 6.8232
8.9043 7.0724
9.3246 7.3206
9.7455 7.5679
10.1669 7.8143
10.5890 8.0597
11.0117 8.3042
11.4349 8.5478
11.8588 8.7904
12.2832 9.0321
12.7082 9.2729
13.1338 9.5127
13.5601 9.7516
13.9869 9.9895
14.4143 10.2266
14.8422 10.4626
15.2708 10.6978
15.7000 10.9320
16.1298 11.1653
16.5601 11.3976
16.9911 11.6290
17.4227 11.8595
17.8548 12.0890
18.2876 12.3176
18.7209 12.5453
19.1548 12.7720
19.5894 12.9977
20.0245 13.2225
20.4602 13.4464
20.8966 13.6694
21.3335 13.8914
21.7710 14.1124
22.2091 14.3325
22.6479 14.5517
23.0872 14.7699
23.5271 14.9872
23.9676 15.2035
24.4088 15.4189
24.8505 15.6333
25.2928 15.8468
25.7357 16.0593
26.1793 16.2709
26.6234 16.4815
27.0681 16.6912
27.5135 16.8999
27.9594 17.1077
28.4060 17.3145
28.8532 17.5203
29.3009 17.7252
29.7493 17.9292
30.1983 18.1322
30.6479 18.3342
31.0981 18.5353
31.5489 18.7354
32.0003 18.9345
32.4523 19.1327
32.9050 19.3299
33.3582 19.5262
33.8121 19.7214
34.2665 19.9158
34.7216 20.1091
35.1773 20.3015
35.6337 20.4929
36.0906 20.6833
36.5482 20.8728
37.0063 21.0613
37.4651 21.2488
37.9245 21.4353
38.3846 21.6209
38.8452 21.8055
39.3065 21.9891
39.7684 22.1717
40.2309 22.3533
40.6940 22.5340
41.1578 22.7136
41.6222 22.8923
42.0872 23.0700
42.5529 23.2467
43.0191 23.4224
43.4860 23.5971
43.9536 23.7709
44.4217 23.9436
44.8905 24.1153
45.3600 24.2861
45.8300 24.4558
46.3007 24.6246
46.7721 24.7923
47.2440 24.9590
